2.718281828
2.718282 0.000000 
0.000000 1.648721 
1.000000 1.000000 1.000000e-01 1.219465 1.020193 1.221400 1.020201 1.934764e-03 1.550577e+00
1.219465 1.020193 1.115895e-01 1.521391 1.093484 1.524380 1.093662 2.988381e-03 1.120234e+00
1.521391 1.093484 1.148023e-01 1.910093 1.236567 1.914058 1.237250 3.964646e-03 8.686950e-01
1.521391 1.093484 1.108326e-01 1.895249 1.230266 1.898923 1.230893 3.673785e-03 9.050547e-01
1.521391 1.093484 1.081026e-01 1.885103 1.225996 1.888584 1.226585 3.481069e-03 9.316326e-01
1.521391 1.093484 1.062056e-01 1.878082 1.223057 1.881432 1.223622 3.350624e-03 9.509174e-01
1.521391 1.093484 1.048776e-01 1.873182 1.221015 1.876443 1.221563 3.260994e-03 9.648374e-01
1.521391 1.093484 1.039433e-01 1.869741 1.219585 1.872940 1.220121 3.198754e-03 9.748480e-01
1.521391 1.093484 1.032834e-01 1.867314 1.218578 1.870470 1.219106 3.155208e-03 9.820281e-01
1.521391 1.093484 1.028162e-01 1.865598 1.217867 1.868723 1.218390 3.124580e-03 9.871685e-01
1.521391 1.093484 1.024848e-01 1.864382 1.217364 1.867485 1.217882 3.102956e-03 9.908436e-01
1.521391 1.093484 1.022494e-01 1.863518 1.217007 1.866606 1.217522 3.087648e-03 9.934687e-01
1.521391 1.093484 1.020820e-01 1.862904 1.216753 1.865981 1.217267 3.076791e-03 9.953425e-01
1.521391 1.093484 1.019630e-01 1.862468 1.216573 1.865537 1.217085 3.069080e-03 9.966794e-01
1.521391 1.093484 1.018782e-01 1.862157 1.216444 1.865220 1.216956 3.063598e-03 9.976329e-01
1.521391 1.093484 1.018179e-01 1.861936 1.216353 1.864995 1.216864 3.059699e-03 9.983127e-01
1.521391 1.093484 1.017749e-01 1.861778 1.216288 1.864835 1.216798 3.056923e-03 9.987974e-01
1.521391 1.093484 1.017443e-01 1.861666 1.216242 1.864721 1.216751 3.054947e-03 9.991429e-01
1.521391 1.093484 1.017225e-01 1.861586 1.216209 1.864640 1.216718 3.053539e-03 9.993892e-01
1.521391 1.093484 1.017069e-01 1.861529 1.216185 1.864582 1.216694 3.052537e-03 9.995647e-01
1.521391 1.093484 1.016959e-01 1.861489 1.216168 1.864540 1.216677 3.051823e-03 9.996898e-01
1.521391 1.093484 1.016880e-01 1.861460 1.216156 1.864511 1.216665 3.051314e-03 9.997789e-01
1.521391 1.093484 1.016824e-01 1.861439 1.216148 1.864490 1.216657 3.050951e-03 9.998425e-01
1.521391 1.093484 1.016784e-01 1.861424 1.216142 1.864475 1.216651 3.050693e-03 9.998877e-01
1.521391 1.093484 1.016755e-01 1.861414 1.216138 1.864464 1.216646 3.050509e-03 9.999200e-01
1.521391 1.093484 1.016735e-01 1.861406 1.216134 1.864457 1.216643 3.050378e-03 9.999430e-01
1.521391 1.093484 1.016720e-01 1.861401 1.216132 1.864451 1.216641 3.050284e-03 9.999594e-01
1.521391 1.093484 1.016710e-01 1.861397 1.216131 1.864448 1.216640 3.050218e-03 9.999710e-01
1.521391 1.093484 1.016702e-01 1.861395 1.216130 1.864445 1.216638 3.050170e-03 9.999794e-01
1.521391 1.093484 1.016697e-01 1.861393 1.216129 1.864443 1.216638 3.050137e-03 9.999853e-01
1.521391 1.093484 1.016694e-01 1.861391 1.216128 1.864442 1.216637 3.050113e-03 9.999895e-01
1.521391 1.093484 1.016691e-01 1.861390 1.216128 1.864441 1.216637 3.050095e-03 9.999925e-01
1.521391 1.093484 1.016689e-01 1.861390 1.216128 1.864440 1.216636 3.050083e-03 9.999947e-01
1.521391 1.093484 1.016688e-01 1.861389 1.216127 1.864439 1.216636 3.050074e-03 9.999962e-01
1.521391 1.093484 1.016687e-01 1.861389 1.216127 1.864439 1.216636 3.050068e-03 9.999973e-01
1.521391 1.093484 1.016686e-01 1.861389 1.216127 1.864439 1.216636 3.050064e-03 9.999981e-01
1.521391 1.093484 1.016685e-01 1.861388 1.216127 1.864438 1.216636 3.050061e-03 9.999986e-01
1.521391 1.093484 1.016685e-01 1.861388 1.216127 1.864438 1.216636 3.050058e-03 9.999990e-01
1.521391 1.093484 1.016685e-01 1.861388 1.216127 1.864438 1.216636 3.050057e-03 9.999993e-01
1.521391 1.093484 1.016685e-01 1.861388 1.216127 1.864438 1.216636 3.050056e-03 9.999995e-01
1.521391 1.093484 1.016685e-01 1.861388 1.216127 1.864438 1.216636 3.050055e-03 9.999996e-01
1.521391 1.093484 1.016684e-01 1.861388 1.216127 1.864438 1.216636 3.050054e-03 9.999997e-01
1.521391 1.093484 1.016684e-01 1.861388 1.216127 1.864438 1.216636 3.050054e-03 9.999998e-01
1.521391 1.093484 1.016684e-01 1.861388 1.216127 1.864438 1.216636 3.050053e-03 9.999999e-01
1.521391 1.093484 1.016684e-01 1.861388 1.216127 1.864438 1.216636 3.050053e-03 9.999999e-01
1.521391 1.093484 1.016684e-01 1.861388 1.216127 1.864438 1.216636 3.050053e-03 9.999999e-01
1.521391 1.093484 1.016684e-01 1.861388 1.216127 1.864438 1.216636 3.050053e-03 1.000000e+00
1.521391 1.093484 1.016684e-01 1.861388 1.216127 1.864438 1.216636 3.050053e-03 1.000000e+00
1.521391 1.093484 1.016684e-01 1.861388 1.216127 1.864438 1.216636 3.050053e-03 1.000000e+00
1.521391 1.093484 1.016684e-01 1.861388 1.216127 1.864438 1.216636 3.050053e-03 1.000000e+00
1.521391 1.093484 1.016684e-01 1.861388 1.216127 1.864438 1.216636 3.050053e-03 1.000000e+00
1.521391 1.093484 1.016684e-01 1.861388 1.216127 1.864438 1.216636 3.050053e-03 1.000000e+00
1.521391 1.093484 1.016684e-01 1.861388 1.216127 1.864438 1.216636 3.050053e-03 1.000000e+00
1.521391 1.093484 1.016684e-01 1.861388 1.216127 1.864438 1.216636 3.050053e-03 1.000000e+00
1.521391 1.093484 1.016684e-01 1.861388 1.216127 1.864438 1.216636 3.050053e-03 1.000000e+00
1.521391 1.093484 1.016684e-01 1.861388 1.216127 1.864438 1.216636 3.050053e-03 1.000000e+00
1.521391 1.093484 1.016684e-01 1.861388 1.216127 1.864438 1.216636 3.050053e-03 1.000000e+00
1.521391 1.093484 1.016684e-01 1.861388 1.216127 1.864438 1.216636 3.050053e-03 1.000000e+00
1.521391 1.093484 1.016684e-01 1.861388 1.216127 1.864438 1.216636 3.050053e-03 1.000000e+00
1.521391 1.093484 1.016684e-01 1.861388 1.216127 1.864438 1.216636 3.050053e-03 1.000000e+00
1.521391 1.093484 1.016684e-01 1.861388 1.216127 1.864438 1.216636 3.050053e-03 1.000000e+00
1.521391 1.093484 1.016684e-01 1.861388 1.216127 1.864438 1.216636 3.050053e-03 1.000000e+00
1.521391 1.093484 1.016684e-01 1.861388 1.216127 1.864438 1.216636 3.050053e-03 1.000000e+00
1.521391 1.093484 1.016684e-01 1.861388 1.216127 1.864438 1.216636 3.050053e-03 1.000000e+00
1.521391 1.093484 1.016684e-01 1.861388 1.216127 1.864438 1.216636 3.050053e-03 1.000000e+00
1.521391 1.093484 1.016684e-01 1.861388 1.216127 1.864438 1.216636 3.050053e-03 1.000000e+00
1.521391 1.093484 1.016684e-01 1.861388 1.216127 1.864438 1.216636 3.050053e-03 1.000000e+00
1.521391 1.093484 1.016684e-01 1.861388 1.216127 1.864438 1.216636 3.050053e-03 1.000000e+00
1.521391 1.093484 1.016684e-01 1.861388 1.216127 1.864438 1.216636 3.050053e-03 1.000000e+00
1.521391 1.093484 1.016684e-01 1.861388 1.216127 1.864438 1.216636 3.050053e-03 1.000000e+00
1.521391 1.093484 1.016684e-01 1.861388 1.216127 1.864438 1.216636 3.050053e-03 1.000000e+00
1.521391 1.093484 1.016684e-01 1.861388 1.216127 1.864438 1.216636 3.050053e-03 1.000000e+00
1.521391 1.093484 1.016684e-01 1.861388 1.216127 1.864438 1.216636 3.050053e-03 1.000000e+00
1.521391 1.093484 1.016684e-01 1.861388 1.216127 1.864438 1.216636 3.050053e-03 1.000000e+00
1.521391 1.093484 1.016684e-01 1.861388 1.216127 1.864438 1.216636 3.050053e-03 1.000000e+00
1.521391 1.093484 1.016684e-01 1.861388 1.216127 1.864438 1.216636 3.050053e-03 1.000000e+00
1.521391 1.093484 1.016684e-01 1.861388 1.216127 1.864438 1.216636 3.050053e-03 1.000000e+00
1.521391 1.093484 1.016684e-01 1.861388 1.216127 1.864438 1.216636 3.050053e-03 1.000000e+00
1.521391 1.093484 1.016684e-01 1.861388 1.216127 1.864438 1.216636 3.050053e-03 1.000000e+00
1.521391 1.093484 1.016684e-01 1.861388 1.216127 1.864438 1.216636 3.050053e-03 1.000000e+00
1.521391 1.093484 1.016684e-01 1.861388 1.216127 1.864438 1.216636 3.050053e-03 1.000000e+00
1.521391 1.093484 1.016684e-01 1.861388 1.216127 1.864438 1.216636 3.050053e-03 1.000000e+00
1.521391 1.093484 1.016684e-01 1.861388 1.216127 1.864438 1.216636 3.050053e-03 1.000000e+00
1.521391 1.093484 1.016684e-01 1.861388 1.216127 1.864438 1.216636 3.050053e-03 1.000000e+00
1.521391 1.093484 1.016684e-01 1.861388 1.216127 1.864438 1.216636 3.050053e-03 1.000000e+00
1.521391 1.093484 1.016684e-01 1.861388 1.216127 1.864438 1.216636 3.050053e-03 1.000000e+00
1.521391 1.093484 1.016684e-01 1.861388 1.216127 1.864438 1.216636 3.050053e-03 1.000000e+00
1.521391 1.093484 1.016684e-01 1.861388 1.216127 1.864438 1.216636 3.050053e-03 1.000000e+00
1.521391 1.093484 1.016684e-01 1.861388 1.216127 1.864438 1.216636 3.050053e-03 1.000000e+00
1.521391 1.093484 1.016684e-01 1.861388 1.216127 1.864438 1.216636 3.050053e-03 1.000000e+00
1.521391 1.093484 1.016684e-01 1.861388 1.216127 1.864438 1.216636 3.050053e-03 1.000000e+00
1.861388 1.216127 1.016684e-01 2.277366 1.409051 2.281098 1.410208 3.731671e-03 8.173424e-01
1.861388 1.216127 9.666897e-02 2.255055 1.397597 2.258404 1.398625 3.348945e-03 8.659650e-01
1.861388 1.216127 9.325287e-02 2.239927 1.389899 2.243028 1.390845 3.100773e-03 9.022223e-01
1.861388 1.216127 9.088466e-02 2.229494 1.384624 2.232429 1.385515 2.934999e-03 9.289745e-01
1.861388 1.216127 8.922602e-02 2.222214 1.380958 2.225036 1.381813 2.821925e-03 9.485654e-01
1.861388 1.216127 8.805588e-02 2.217092 1.378387 2.219835 1.379216 2.743645e-03 9.628348e-01
1.861388 1.216127 8.722607e-02 2.213465 1.376571 2.216154 1.377382 2.688876e-03 9.731881e-01
1.861388 1.216127 8.663542e-02 2.210888 1.375282 2.213538 1.376080 2.650267e-03 9.806794e-01
1.861388 1.216127 8.621389e-02 2.209050 1.374364 2.211673 1.375153 2.622904e-03 9.860891e-01
1.861388 1.216127 8.591249e-02 2.207737 1.373708 2.210340 1.374491 2.603435e-03 9.899900e-01
1.861388 1.216127 8.569668e-02 2.206797 1.373239 2.209386 1.374018 2.589545e-03 9.928001e-01
1.861388 1.216127 8.554201e-02 2.206123 1.372903 2.208703 1.373679 2.579615e-03 9.948229e-01
1.861388 1.216127 8.543108e-02 2.205640 1.372663 2.208213 1.373436 2.572507e-03 9.962782e-01
1.861388 1.216127 8.535148e-02 2.205294 1.372490 2.207861 1.373262 2.567413e-03 9.973248e-01
1.861388 1.216127 8.529434e-02 2.205045 1.372366 2.207609 1.373137 2.563759e-03 9.980774e-01
1.861388 1.216127 8.525331e-02 2.204867 1.372277 2.207428 1.373047 2.561138e-03 9.986183e-01
1.861388 1.216127 8.522385e-02 2.204739 1.372213 2.207298 1.372982 2.559256e-03 9.990071e-01
1.861388 1.216127 8.520269e-02 2.204647 1.372167 2.207204 1.372936 2.557906e-03 9.992866e-01
1.861388 1.216127 8.518749e-02 2.204580 1.372134 2.207137 1.372903 2.556935e-03 9.994874e-01
1.861388 1.216127 8.517657e-02 2.204533 1.372111 2.207089 1.372879 2.556239e-03 9.996316e-01
1.861388 1.216127 8.516872e-02 2.204499 1.372094 2.207055 1.372862 2.555738e-03 9.997353e-01
1.861388 1.216127 8.516308e-02 2.204474 1.372082 2.207030 1.372849 2.555378e-03 9.998098e-01
1.861388 1.216127 8.515904e-02 2.204457 1.372073 2.207012 1.372840 2.555120e-03 9.998634e-01
1.861388 1.216127 8.515613e-02 2.204444 1.372066 2.206999 1.372834 2.554935e-03 9.999018e-01
1.861388 1.216127 8.515404e-02 2.204435 1.372062 2.206990 1.372829 2.554801e-03 9.999295e-01
1.861388 1.216127 8.515253e-02 2.204428 1.372059 2.206983 1.372826 2.554706e-03 9.999493e-01
1.861388 1.216127 8.515146e-02 2.204424 1.372056 2.206978 1.372824 2.554637e-03 9.999636e-01
1.861388 1.216127 8.515068e-02 2.204420 1.372055 2.206975 1.372822 2.554587e-03 9.999738e-01
1.861388 1.216127 8.515012e-02 2.204418 1.372053 2.206972 1.372821 2.554552e-03 9.999812e-01
1.861388 1.216127 8.514972e-02 2.204416 1.372053 2.206971 1.372820 2.554526e-03 9.999865e-01
1.861388 1.216127 8.514944e-02 2.204415 1.372052 2.206969 1.372819 2.554508e-03 9.999903e-01
1.861388 1.216127 8.514923e-02 2.204414 1.372052 2.206969 1.372819 2.554495e-03 9.999930e-01
1.861388 1.216127 8.514908e-02 2.204413 1.372051 2.206968 1.372819 2.554485e-03 9.999950e-01
1.861388 1.216127 8.514897e-02 2.204413 1.372051 2.206967 1.372818 2.554478e-03 9.999964e-01
1.861388 1.216127 8.514890e-02 2.204413 1.372051 2.206967 1.372818 2.554474e-03 9.999974e-01
1.861388 1.216127 8.514884e-02 2.204412 1.372051 2.206967 1.372818 2.554470e-03 9.999981e-01
1.861388 1.216127 8.514880e-02 2.204412 1.372051 2.206967 1.372818 2.554468e-03 9.999987e-01
1.861388 1.216127 8.514877e-02 2.204412 1.372051 2.206967 1.372818 2.554466e-03 9.999990e-01
1.861388 1.216127 8.514875e-02 2.204412 1.372050 2.206966 1.372818 2.554464e-03 9.999993e-01
1.861388 1.216127 8.514874e-02 2.204412 1.372050 2.206966 1.372818 2.554463e-03 9.999995e-01
1.861388 1.216127 8.514873e-02 2.204412 1.372050 2.206966 1.372818 2.554463e-03 9.999996e-01
1.861388 1.216127 8.514872e-02 2.204412 1.372050 2.206966 1.372818 2.554462e-03 9.999997e-01
1.861388 1.216127 8.514872e-02 2.204412 1.372050 2.206966 1.372818 2.554462e-03 9.999998e-01
1.861388 1.216127 8.514871e-02 2.204412 1.372050 2.206966 1.372818 2.554462e-03 9.999999e-01
1.861388 1.216127 8.514871e-02 2.204412 1.372050 2.206966 1.372818 2.554462e-03 9.999999e-01
1.861388 1.216127 8.514871e-02 2.204412 1.372050 2.206966 1.372818 2.554461e-03 9.999999e-01
1.861388 1.216127 8.514871e-02 2.204412 1.372050 2.206966 1.372818 2.554461e-03 1.000000e+00
1.861388 1.216127 8.514870e-02 2.204412 1.372050 2.206966 1.372818 2.554461e-03 1.000000e+00
1.861388 1.216127 8.514870e-02 2.204412 1.372050 2.206966 1.372818 2.554461e-03 1.000000e+00
1.861388 1.216127 8.514870e-02 2.204412 1.372050 2.206966 1.372818 2.554461e-03 1.000000e+00
1.861388 1.216127 8.514870e-02 2.204412 1.372050 2.206966 1.372818 2.554461e-03 1.000000e+00
1.861388 1.216127 8.514870e-02 2.204412 1.372050 2.206966 1.372818 2.554461e-03 1.000000e+00
1.861388 1.216127 8.514870e-02 2.204412 1.372050 2.206966 1.372818 2.554461e-03 1.000000e+00
1.861388 1.216127 8.514870e-02 2.204412 1.372050 2.206966 1.372818 2.554461e-03 1.000000e+00
1.861388 1.216127 8.514870e-02 2.204412 1.372050 2.206966 1.372818 2.554461e-03 1.000000e+00
1.861388 1.216127 8.514870e-02 2.204412 1.372050 2.206966 1.372818 2.554461e-03 1.000000e+00
1.861388 1.216127 8.514870e-02 2.204412 1.372050 2.206966 1.372818 2.554461e-03 1.000000e+00
1.861388 1.216127 8.514870e-02 2.204412 1.372050 2.206966 1.372818 2.554461e-03 1.000000e+00
1.861388 1.216127 8.514870e-02 2.204412 1.372050 2.206966 1.372818 2.554461e-03 1.000000e+00
1.861388 1.216127 8.514870e-02 2.204412 1.372050 2.206966 1.372818 2.554461e-03 1.000000e+00
1.861388 1.216127 8.514870e-02 2.204412 1.372050 2.206966 1.372818 2.554461e-03 1.000000e+00
1.861388 1.216127 8.514870e-02 2.204412 1.372050 2.206966 1.372818 2.554461e-03 1.000000e+00
1.861388 1.216127 8.514870e-02 2.204412 1.372050 2.206966 1.372818 2.554461e-03 1.000000e+00
1.861388 1.216127 8.514870e-02 2.204412 1.372050 2.206966 1.372818 2.554461e-03 1.000000e+00
1.861388 1.216127 8.514870e-02 2.204412 1.372050 2.206966 1.372818 2.554461e-03 1.000000e+00
1.861388 1.216127 8.514870e-02 2.204412 1.372050 2.206966 1.372818 2.554461e-03 1.000000e+00
1.861388 1.216127 8.514870e-02 2.204412 1.372050 2.206966 1.372818 2.554461e-03 1.000000e+00
1.861388 1.216127 8.514870e-02 2.204412 1.372050 2.206966 1.372818 2.554461e-03 1.000000e+00
1.861388 1.216127 8.514870e-02 2.204412 1.372050 2.206966 1.372818 2.554461e-03 1.000000e+00
1.861388 1.216127 8.514870e-02 2.204412 1.372050 2.206966 1.372818 2.554461e-03 1.000000e+00
1.861388 1.216127 8.514870e-02 2.204412 1.372050 2.206966 1.372818 2.554461e-03 1.000000e+00
1.861388 1.216127 8.514870e-02 2.204412 1.372050 2.206966 1.372818 2.554461e-03 1.000000e+00
1.861388 1.216127 8.514870e-02 2.204412 1.372050 2.206966 1.372818 2.554461e-03 1.000000e+00
1.861388 1.216127 8.514870e-02 2.204412 1.372050 2.206966 1.372818 2.554461e-03 1.000000e+00
1.861388 1.216127 8.514870e-02 2.204412 1.372050 2.206966 1.372818 2.554461e-03 1.000000e+00
1.861388 1.216127 8.514870e-02 2.204412 1.372050 2.206966 1.372818 2.554461e-03 1.000000e+00
1.861388 1.216127 8.514870e-02 2.204412 1.372050 2.206966 1.372818 2.554461e-03 1.000000e+00
1.861388 1.216127 8.514870e-02 2.204412 1.372050 2.206966 1.372818 2.554461e-03 1.000000e+00
1.861388 1.216127 8.514870e-02 2.204412 1.372050 2.206966 1.372818 2.554461e-03 1.000000e+00
1.861388 1.216127 8.514870e-02 2.204412 1.372050 2.206966 1.372818 2.554461e-03 1.000000e+00
1.861388 1.216127 8.514870e-02 2.204412 1.372050 2.206966 1.372818 2.554461e-03 1.000000e+00
1.861388 1.216127 8.514870e-02 2.204412 1.372050 2.206966 1.372818 2.554461e-03 1.000000e+00
1.861388 1.216127 8.514870e-02 2.204412 1.372050 2.206966 1.372818 2.554461e-03 1.000000e+00
1.861388 1.216127 8.514870e-02 2.204412 1.372050 2.206966 1.372818 2.554461e-03 1.000000e+00
1.861388 1.216127 8.514870e-02 2.204412 1.372050 2.206966 1.372818 2.554461e-03 1.000000e+00
1.861388 1.216127 8.514870e-02 2.204412 1.372050 2.206966 1.372818 2.554461e-03 1.000000e+00
1.861388 1.216127 8.514870e-02 2.204412 1.372050 2.206966 1.372818 2.554461e-03 1.000000e+00
1.861388 1.216127 8.514870e-02 2.204412 1.372050 2.206966 1.372818 2.554461e-03 1.000000e+00
1.861388 1.216127 8.514870e-02 2.204412 1.372050 2.206966 1.372818 2.554461e-03 1.000000e+00
1.861388 1.216127 8.514870e-02 2.204412 1.372050 2.206966 1.372818 2.554461e-03 1.000000e+00
1.861388 1.216127 8.514870e-02 2.204412 1.372050 2.206966 1.372818 2.554461e-03 1.000000e+00
1.861388 1.216127 8.514870e-02 2.204412 1.372050 2.206966 1.372818 2.554461e-03 1.000000e+00
2.204412 1.372050 8.514870e-02 2.610649 1.593031 2.613674 1.594406 3.025207e-03 8.443922e-01
2.204412 1.372050 8.162329e-02 2.592546 1.582361 2.595311 1.583611 2.765410e-03 8.854739e-01
2.204412 1.372050 7.917864e-02 2.580060 1.575047 2.582653 1.576213 2.592826e-03 9.161273e-01
2.204412 1.372050 7.746348e-02 2.571334 1.569956 2.573809 1.571067 2.475405e-03 9.387975e-01
2.204412 1.372050 7.625002e-02 2.565176 1.566375 2.567571 1.567447 2.394143e-03 9.554570e-01
2.204412 1.372050 7.538636e-02 2.560802 1.563836 2.563139 1.564881 2.337216e-03 9.676431e-01
2.204412 1.372050 7.476900e-02 2.557680 1.562026 2.559977 1.563052 2.296985e-03 9.765277e-01
2.204412 1.372050 7.432633e-02 2.555443 1.560731 2.557711 1.561744 2.268376e-03 9.829897e-01
2.204412 1.372050 7.400822e-02 2.553837 1.559802 2.556085 1.560805 2.247938e-03 9.876816e-01
2.204412 1.372050 7.377924e-02 2.552681 1.559134 2.554914 1.560130 2.233289e-03 9.910839e-01
2.204412 1.372050 7.361423e-02 2.551848 1.558653 2.554071 1.559644 2.222766e-03 9.935490e-01
2.204412 1.372050 7.349522e-02 2.551248 1.558306 2.553463 1.559294 2.215193e-03 9.953338e-01
2.204412 1.372050 7.340934e-02 2.550815 1.558056 2.553025 1.559041 2.209737e-03 9.966255e-01
2.204412 1.372050 7.334733e-02 2.550502 1.557876 2.552708 1.558859 2.205802e-03 9.975599e-01
2.204412 1.372050 7.330254e-02 2.550277 1.557745 2.552480 1.558727 2.202963e-03 9.982358e-01
2.204412 1.372050 7.327019e-02 2.550114 1.557651 2.552314 1.558632 2.200913e-03 9.987246e-01
2.204412 1.372050 7.324682e-02 2.549996 1.557583 2.552195 1.558563 2.199433e-03 9.990780e-01
2.204412 1.372050 7.322993e-02 2.549911 1.557534 2.552109 1.558513 2.198363e-03 9.993335e-01
2.204412 1.372050 7.321772e-02 2.549849 1.557498 2.552047 1.558477 2.197591e-03 9.995182e-01
2.204412 1.372050 7.320890e-02 2.549805 1.557473 2.552002 1.558451 2.197032e-03 9.996517e-01
2.204412 1.372050 7.320253e-02 2.549772 1.557454 2.551969 1.558433 2.196629e-03 9.997483e-01
2.204412 1.372050 7.319792e-02 2.549749 1.557441 2.551946 1.558419 2.196337e-03 9.998180e-01
2.204412 1.372050 7.319459e-02 2.549732 1.557431 2.551929 1.558409 2.196127e-03 9.998685e-01
2.204412 1.372050 7.319218e-02 2.549720 1.557424 2.551916 1.558402 2.195974e-03 9.999049e-01
2.204412 1.372050 7.319044e-02 2.549712 1.557419 2.551907 1.558397 2.195864e-03 9.999313e-01
2.204412 1.372050 7.318919e-02 2.549705 1.557415 2.551901 1.558393 2.195785e-03 9.999503e-01
2.204412 1.372050 7.318828e-02 2.549701 1.557413 2.551896 1.558391 2.195727e-03 9.999641e-01
2.204412 1.372050 7.318762e-02 2.549697 1.557411 2.551893 1.558389 2.195686e-03 9.999740e-01
2.204412 1.372050 7.318715e-02 2.549695 1.557409 2.551891 1.558387 2.195656e-03 9.999812e-01
2.204412 1.372050 7.318680e-02 2.549693 1.557408 2.551889 1.558386 2.195634e-03 9.999864e-01
2.204412 1.372050 7.318655e-02 2.549692 1.557408 2.551888 1.558386 2.195618e-03 9.999902e-01
2.204412 1.372050 7.318637e-02 2.549691 1.557407 2.551887 1.558385 2.195607e-03 9.999929e-01
2.204412 1.372050 7.318625e-02 2.549690 1.557407 2.551886 1.558385 2.195599e-03 9.999949e-01
2.204412 1.372050 7.318615e-02 2.549690 1.557406 2.551885 1.558385 2.195593e-03 9.999963e-01
2.204412 1.372050 7.318608e-02 2.549690 1.557406 2.551885 1.558384 2.195588e-03 9.999973e-01
2.204412 1.372050 7.318603e-02 2.549689 1.557406 2.551885 1.558384 2.195585e-03 9.999981e-01
2.204412 1.372050 7.318600e-02 2.549689 1.557406 2.551885 1.558384 2.195583e-03 9.999986e-01
2.204412 1.372050 7.318597e-02 2.549689 1.557406 2.551885 1.558384 2.195581e-03 9.999990e-01
2.204412 1.372050 7.318596e-02 2.549689 1.557406 2.551884 1.558384 2.195580e-03 9.999993e-01
2.204412 1.372050 7.318594e-02 2.549689 1.557406 2.551884 1.558384 2.195579e-03 9.999995e-01
2.204412 1.372050 7.318593e-02 2.549689 1.557406 2.551884 1.558384 2.195579e-03 9.999996e-01
2.204412 1.372050 7.318593e-02 2.549689 1.557406 2.551884 1.558384 2.195578e-03 9.999997e-01
2.204412 1.372050 7.318592e-02 2.549689 1.557406 2.551884 1.558384 2.195578e-03 9.999998e-01
2.204412 1.372050 7.318592e-02 2.549689 1.557406 2.551884 1.558384 2.195578e-03 9.999999e-01
2.204412 1.372050 7.318591e-02 2.549689 1.557406 2.551884 1.558384 2.195578e-03 9.999999e-01
2.204412 1.372050 7.318591e-02 2.549689 1.557406 2.551884 1.558384 2.195578e-03 9.999999e-01
2.204412 1.372050 7.318591e-02 2.549689 1.557406 2.551884 1.558384 2.195577e-03 9.999999e-01
2.204412 1.372050 7.318591e-02 2.549689 1.557406 2.551884 1.558384 2.195577e-03 1.000000e+00
2.204412 1.372050 7.318591e-02 2.549689 1.557406 2.551884 1.558384 2.195577e-03 1.000000e+00
2.204412 1.372050 7.318591e-02 2.549689 1.557406 2.551884 1.558384 2.195577e-03 1.000000e+00
2.204412 1.372050 7.318591e-02 2.549689 1.557406 2.551884 1.558384 2.195577e-03 1.000000e+00
2.204412 1.372050 7.318591e-02 2.549689 1.557406 2.551884 1.558384 2.195577e-03 1.000000e+00
2.204412 1.372050 7.318591e-02 2.549689 1.557406 2.551884 1.558384 2.195577e-03 1.000000e+00
2.204412 1.372050 7.318591e-02 2.549689 1.557406 2.551884 1.558384 2.195577e-03 1.000000e+00
2.204412 1.372050 7.318591e-02 2.549689 1.557406 2.551884 1.558384 2.195577e-03 1.000000e+00
2.204412 1.372050 7.318591e-02 2.549689 1.557406 2.551884 1.558384 2.195577e-03 1.000000e+00
2.204412 1.372050 7.318591e-02 2.549689 1.557406 2.551884 1.558384 2.195577e-03 1.000000e+00
2.204412 1.372050 7.318591e-02 2.549689 1.557406 2.551884 1.558384 2.195577e-03 1.000000e+00
2.204412 1.372050 7.318591e-02 2.549689 1.557406 2.551884 1.558384 2.195577e-03 1.000000e+00
2.204412 1.372050 7.318591e-02 2.549689 1.557406 2.551884 1.558384 2.195577e-03 1.000000e+00
2.204412 1.372050 7.318591e-02 2.549689 1.557406 2.551884 1.558384 2.195577e-03 1.000000e+00
2.204412 1.372050 7.318591e-02 2.549689 1.557406 2.551884 1.558384 2.195577e-03 1.000000e+00
2.204412 1.372050 7.318591e-02 2.549689 1.557406 2.551884 1.558384 2.195577e-03 1.000000e+00
2.204412 1.372050 7.318591e-02 2.549689 1.557406 2.551884 1.558384 2.195577e-03 1.000000e+00
2.204412 1.372050 7.318591e-02 2.549689 1.557406 2.551884 1.558384 2.195577e-03 1.000000e+00
2.204412 1.372050 7.318591e-02 2.549689 1.557406 2.551884 1.558384 2.195577e-03 1.000000e+00
2.204412 1.372050 7.318591e-02 2.549689 1.557406 2.551884 1.558384 2.195577e-03 1.000000e+00
2.204412 1.372050 7.318591e-02 2.549689 1.557406 2.551884 1.558384 2.195577e-03 1.000000e+00
2.204412 1.372050 7.318591e-02 2.549689 1.557406 2.551884 1.558384 2.195577e-03 1.000000e+00
2.204412 1.372050 7.318591e-02 2.549689 1.557406 2.551884 1.558384 2.195577e-03 1.000000e+00
2.204412 1.372050 7.318591e-02 2.549689 1.557406 2.551884 1.558384 2.195577e-03 1.000000e+00
2.204412 1.372050 7.318591e-02 2.549689 1.557406 2.551884 1.558384 2.195577e-03 1.000000e+00
2.204412 1.372050 7.318591e-02 2.549689 1.557406 2.551884 1.558384 2.195577e-03 1.000000e+00
2.204412 1.372050 7.318591e-02 2.549689 1.557406 2.551884 1.558384 2.195577e-03 1.000000e+00
2.204412 1.372050 7.318591e-02 2.549689 1.557406 2.551884 1.558384 2.195577e-03 1.000000e+00
2.204412 1.372050 7.318591e-02 2.549689 1.557406 2.551884 1.558384 2.195577e-03 1.000000e+00
2.204412 1.372050 7.318591e-02 2.549689 1.557406 2.551884 1.558384 2.195577e-03 1.000000e+00
2.204412 1.372050 7.318591e-02 2.549689 1.557406 2.551884 1.558384 2.195577e-03 1.000000e+00
2.204412 1.372050 7.318591e-02 2.549689 1.557406 2.551884 1.558384 2.195577e-03 1.000000e+00
2.204412 1.372050 7.318591e-02 2.549689 1.557406 2.551884 1.558384 2.195577e-03 1.000000e+00
2.204412 1.372050 7.318591e-02 2.549689 1.557406 2.551884 1.558384 2.195577e-03 1.000000e+00
2.204412 1.372050 7.318591e-02 2.549689 1.557406 2.551884 1.558384 2.195577e-03 1.000000e+00
2.204412 1.372050 7.318591e-02 2.549689 1.557406 2.551884 1.558384 2.195577e-03 1.000000e+00
2.204412 1.372050 7.318591e-02 2.549689 1.557406 2.551884 1.558384 2.195577e-03 1.000000e+00
2.204412 1.372050 7.318591e-02 2.549689 1.557406 2.551884 1.558384 2.195577e-03 1.000000e+00
2.204412 1.372050 7.318591e-02 2.549689 1.557406 2.551884 1.558384 2.195577e-03 1.000000e+00
2.204412 1.372050 7.318591e-02 2.549689 1.557406 2.551884 1.558384 2.195577e-03 1.000000e+00
2.204412 1.372050 7.318591e-02 2.549689 1.557406 2.551884 1.558384 2.195577e-03 1.000000e+00
2.204412 1.372050 7.318591e-02 2.549689 1.557406 2.551884 1.558384 2.195577e-03 1.000000e+00
2.204412 1.372050 7.318591e-02 2.549689 1.557406 2.551884 1.558384 2.195577e-03 1.000000e+00
2.549689 1.557406 2.840746e-02 2.698385 1.645590 2.698743 1.645793 3.578554e-04 2.381476e+00
2.698385 1.645590 5.551115e-17 2.698385 1.645590 2.698385 1.645590 4.440892e-16 3.750000e-03
2.698385 0.000000 
0.000000 1.645590 
