1 1 1 1 1 1 1 1 1 1 1 1 1 1 1 1 0 0 0 0 0 0 0 0 0 0 0 0 0 0 0 0 0 0 0 0 0 0 0 0 0 0 0 0 0 0 0 0 0 0 0 0 0 0 0 0 0 0 0 0 0 0 0 0 0 0 0 0 0 0 0 0 0 0 0 0 0 0 0 0 
1 1 1 1 1 1 1 1 1 1 1 1 1 1 1 1 0 0 1 1 1 0 0 0 0 0 0 0 0 0 0 0 0 0 0 0 0 0 0 0 0 0 0 0 0 0 0 0 0 0 0 0 0 0 0 0 0 0 0 0 0 0 0 0 0 0 0 0 0 0 0 0 0 0 0 0 0 0 0 0 
1 1 1 1 1 1 1 1 1 1 1 1 1 1 1 0 0 1 1 1 1 1 0 0 0 0 0 0 0 1 0 0 0 0 0 0 0 0 0 0 0 0 0 0 0 0 0 0 0 0 0 0 0 0 0 0 0 0 0 0 0 0 0 0 0 0 0 0 0 0 0 0 0 0 0 0 0 0 0 0 
1 1 1 1 1 1 1 1 1 1 1 1 1 1 0 1 1 1 1 1 1 1 0 0 0 0 0 0 0 1 0 0 0 0 0 0 0 0 0 0 0 0 0 0 0 0 0 0 0 0 0 0 0 0 0 0 0 0 0 0 0 0 0 0 0 0 0 0 0 0 0 0 0 0 0 0 0 0 0 0 
1 1 1 1 1 1 1 1 1 1 1 1 1 0 1 1 1 1 1 1 1 1 1 0 0 0 0 0 1 1 1 0 0 0 0 0 0 0 0 0 0 0 0 0 0 0 0 0 0 0 0 0 0 0 0 0 0 0 0 0 0 0 0 0 0 0 0 0 0 0 0 0 0 0 0 0 0 0 0 0 
1 1 1 1 1 1 1 1 1 1 1 1 1 1 1 1 1 1 1 1 1 1 1 1 0 0 0 0 1 1 1 1 0 0 0 0 0 0 0 0 0 0 0 0 0 1 0 0 0 0 0 0 0 0 0 0 0 0 0 0 0 0 0 0 0 0 0 0 0 0 0 0 0 0 0 0 0 0 0 0 
1 1 1 1 1 1 1 1 1 1 0 1 1 1 1 1 1 1 1 1 1 1 1 1 0 0 0 0 1 1 1 1 1 0 0 0 0 0 0 0 0 0 0 0 0 1 0 0 0 0 0 0 0 0 0 0 0 0 0 0 0 0 0 0 0 0 0 0 0 0 0 0 0 0 0 0 0 0 0 0 
1 1 1 1 1 1 1 1 1 1 1 1 1 1 1 1 1 1 1 1 1 1 1 1 0 0 0 1 1 1 1 1 1 1 0 0 0 0 0 0 0 0 0 0 0 1 1 0 0 0 0 0 0 0 0 0 0 0 0 0 0 0 0 0 0 0 0 0 0 0 0 0 0 0 0 0 0 0 0 0 
1 1 1 1 1 1 1 1 1 1 1 1 1 1 1 1 1 1 1 1 1 1 1 1 0 0 0 1 1 1 1 1 1 1 1 1 0 0 0 0 0 0 0 0 0 1 1 1 0 0 0 0 0 0 0 0 0 0 0 0 0 0 0 0 0 0 0 0 0 0 0 0 0 0 0 0 0 0 0 0 
1 1 1 1 1 0 1 1 1 1 1 1 1 1 1 1 1 1 1 1 1 1 1 1 0 0 1 1 1 1 1 1 1 1 1 1 0 0 0 0 0 0 0 0 0 0 1 1 1 0 0 0 0 0 0 0 0 0 0 0 0 0 0 0 0 0 0 0 0 0 0 0 0 0 0 0 0 0 0 0 
1 1 1 1 1 1 1 1 1 1 1 1 1 1 1 1 1 1 1 1 1 1 1 1 0 1 1 1 1 1 1 1 1 1 1 1 1 0 0 0 0 0 0 0 0 0 1 1 1 0 0 0 0 0 0 0 0 0 0 0 0 0 0 0 0 0 0 0 1 0 0 0 0 0 0 0 0 0 0 0 
1 1 1 1 1 1 1 1 1 1 1 1 1 1 1 1 1 1 1 1 1 1 1 0 0 1 1 1 1 1 1 1 1 1 1 1 1 1 0 0 0 0 0 0 0 0 1 1 1 1 0 0 0 0 0 0 0 0 0 0 0 0 0 0 0 0 0 0 1 0 0 0 0 0 0 0 0 0 0 0 
1 1 1 1 1 1 1 1 1 1 1 1 1 1 1 1 1 1 1 1 1 1 1 0 1 1 1 1 1 1 1 1 1 1 1 1 1 1 1 0 0 0 0 0 0 0 1 1 1 1 1 1 0 0 0 0 0 0 0 0 0 0 0 0 0 0 0 0 0 1 0 0 0 0 0 0 0 0 0 0 
1 1 1 1 1 1 1 1 1 1 1 1 1 1 1 1 1 1 1 1 1 1 0 1 1 1 1 1 1 1 1 1 1 1 1 1 1 1 1 1 0 0 0 0 0 1 1 1 1 1 1 1 1 0 0 0 0 0 0 0 0 0 0 0 0 0 0 0 0 1 0 0 0 0 0 0 0 0 0 0 
1 1 1 1 1 1 1 1 1 1 1 1 1 1 1 1 1 1 1 1 1 1 1 1 1 1 1 1 1 1 1 1 1 1 1 1 1 1 1 1 0 0 0 0 0 1 1 1 1 1 1 1 1 1 0 0 0 0 0 0 0 0 0 0 0 0 0 0 0 1 1 0 0 0 0 0 0 0 0 0 
1 1 1 1 1 1 1 1 1 1 1 1 1 1 1 1 1 1 1 1 1 1 1 1 1 1 1 1 1 1 1 1 1 1 1 1 1 1 1 1 1 0 0 0 0 1 1 1 1 1 1 1 1 1 1 0 0 0 0 0 0 0 0 0 0 0 0 0 0 1 1 1 0 0 0 0 0 0 0 0 
1 1 1 1 1 1 1 1 1 1 1 1 1 1 1 1 1 1 1 1 1 1 1 1 1 1 1 1 1 1 1 1 1 1 1 1 1 1 1 1 1 0 0 0 0 1 1 1 1 1 1 1 1 1 1 1 0 0 0 0 0 0 0 0 0 0 0 0 0 0 1 1 0 0 0 0 0 0 0 0 
1 1 1 1 1 1 1 1 1 1 1 1 1 1 1 1 1 1 1 1 1 1 1 1 1 1 1 1 1 1 1 1 1 1 1 1 1 1 1 1 1 1 0 0 0 1 1 1 1 1 1 1 1 1 1 1 1 0 0 0 0 0 0 0 0 0 0 0 0 0 1 1 1 0 0 0 0 0 0 0 
1 1 1 1 1 1 1 1 1 1 1 1 1 1 1 1 1 1 1 1 1 1 1 1 1 1 1 1 1 1 1 1 1 1 1 1 1 1 1 1 1 1 0 0 0 1 1 1 1 1 1 1 1 1 1 1 1 1 0 0 0 0 0 0 0 0 0 0 0 0 1 1 1 1 0 0 0 0 0 0 
1 1 1 1 1 1 1 1 1 1 1 1 1 1 1 1 1 1 1 1 1 1 1 1 1 1 1 1 1 1 1 1 1 1 1 1 1 1 1 1 1 1 0 0 1 1 1 1 1 1 1 1 1 1 1 1 1 1 1 0 0 0 0 0 0 0 0 0 0 0 1 1 1 1 1 0 0 0 0 0 
1 1 1 1 1 1 1 1 1 1 1 1 1 1 1 1 1 1 1 1 1 1 1 1 1 1 1 1 1 1 1 1 1 1 1 1 1 1 1 1 1 1 0 0 1 1 1 1 1 1 1 1 1 1 1 1 1 1 1 1 0 0 0 0 0 0 0 0 0 0 1 1 1 1 1 1 0 0 0 0 
1 1 1 1 1 1 1 1 1 1 1 1 1 1 1 1 1 1 1 1 1 1 1 1 1 1 1 1 1 1 1 1 1 1 1 1 1 1 1 1 1 1 0 0 1 1 1 1 1 1 1 1 1 1 1 1 1 1 1 1 1 0 0 0 0 0 0 0 0 0 0 1 1 1 1 1 1 0 0 0 
1 1 1 1 1 1 1 1 1 1 1 1 1 1 1 1 1 1 1 1 1 1 1 1 1 1 1 1 1 1 1 1 1 1 1 1 1 1 1 1 1 1 0 1 1 1 1 1 1 1 1 1 1 1 1 1 1 1 1 1 1 1 0 0 0 0 0 0 0 0 0 1 1 1 1 1 1 1 0 0 
1 1 1 1 1 1 1 1 1 1 1 1 1 1 1 1 1 1 1 1 1 1 1 1 1 1 1 1 1 1 1 1 1 1 1 1 1 1 1 1 1 1 0 1 1 1 1 1 1 1 1 1 1 1 1 1 1 1 1 1 1 1 1 0 0 0 0 0 0 0 0 1 1 1 1 1 1 1 1 0 
1 1 1 1 1 1 1 1 1 1 1 1 1 1 1 1 1 1 1 1 1 1 1 1 1 1 1 1 1 1 1 1 1 1 1 1 1 1 1 1 1 0 0 1 1 1 1 1 1 1 1 1 1 1 1 1 1 1 1 1 1 1 1 1 0 0 0 0 0 0 0 1 1 1 1 1 1 1 1 1 
1 1 1 1 1 1 1 1 1 1 1 1 1 1 1 1 1 1 1 1 1 1 1 1 1 1 1 1 1 1 1 1 1 1 1 1 1 1 1 1 1 0 1 1 1 1 1 1 1 1 1 1 1 1 1 1 1 1 1 1 1 1 1 1 0 0 0 0 0 0 0 1 1 1 1 1 1 1 1 1 
1 1 1 1 1 1 1 1 1 1 1 1 1 1 1 1 1 1 1 1 1 1 1 1 1 1 1 1 1 1 1 1 1 1 1 1 1 1 1 1 1 0 1 1 1 1 1 1 1 1 1 1 1 1 1 1 1 1 1 1 1 1 1 1 1 0 0 0 0 0 0 1 1 1 1 1 1 1 1 1 
1 1 1 1 1 1 1 1 1 1 1 1 1 1 1 1 1 1 1 1 1 1 1 1 1 1 1 1 1 1 1 1 1 1 1 1 1 1 1 1 0 1 1 1 1 1 1 1 1 1 1 1 1 1 1 1 1 1 1 1 1 1 1 1 1 1 0 0 0 0 0 1 1 1 1 1 1 1 1 1 
1 1 1 1 1 1 1 1 1 1 1 1 1 1 1 1 1 1 1 1 1 1 1 1 1 1 1 1 1 1 1 1 1 1 1 1 1 1 1 1 0 1 1 1 1 1 1 1 1 1 1 1 1 1 1 1 1 1 1 1 1 1 1 1 1 1 0 0 0 0 0 1 1 1 1 1 1 1 1 1 
1 1 1 1 1 1 1 1 1 1 1 1 1 1 1 1 1 1 1 1 1 1 1 1 1 1 1 1 1 1 1 1 1 1 1 1 1 1 1 0 1 1 1 1 1 1 1 1 1 1 1 1 1 1 1 1 1 1 1 1 1 1 1 1 1 1 1 0 0 0 0 1 1 1 1 1 1 1 1 1 
1 1 1 1 1 1 1 1 1 1 1 1 1 1 1 1 1 1 1 1 1 1 1 1 1 1 1 1 1 1 1 1 1 1 1 1 1 1 1 1 1 1 1 1 1 1 1 1 1 1 1 1 1 1 1 1 1 1 1 1 1 1 1 1 1 1 1 0 0 0 0 1 1 1 1 1 1 1 1 1 
1 1 1 1 1 1 1 1 1 1 1 1 1 1 1 1 1 1 1 1 1 1 1 1 1 1 1 1 1 1 1 1 1 1 1 1 1 1 0 1 1 1 1 1 1 1 1 1 1 1 1 1 1 1 1 1 1 1 1 1 1 1 1 1 1 1 1 1 0 0 0 1 1 1 1 1 1 1 1 1 
1 1 1 1 1 1 1 1 1 1 1 1 1 1 1 1 1 1 1 1 1 1 1 1 1 1 1 1 1 1 1 1 1 1 1 1 1 1 1 1 1 1 1 1 1 1 1 1 1 1 1 1 1 1 1 1 1 1 1 1 1 1 1 1 1 1 1 1 0 0 0 1 1 1 1 1 1 1 1 1 
1 1 1 1 1 1 1 1 1 1 1 1 1 1 1 1 1 1 1 1 1 1 1 1 1 1 1 1 1 1 1 1 1 1 1 1 1 1 1 1 1 1 1 1 1 1 1 1 1 1 1 1 1 1 1 1 1 1 1 1 1 1 1 1 1 1 1 1 0 0 0 1 1 1 1 1 1 1 1 1 
1 1 1 1 1 1 1 1 1 1 1 1 1 1 1 1 1 1 1 1 1 1 1 1 1 1 1 1 1 1 1 1 1 1 1 1 0 1 1 1 1 1 1 1 1 1 1 1 1 1 1 1 1 1 1 1 1 1 1 1 1 1 1 1 1 1 1 1 0 0 0 1 1 1 1 1 1 1 1 1 
1 1 1 1 1 1 1 1 1 1 1 1 1 1 1 1 1 1 1 1 1 1 1 1 1 1 1 1 1 1 1 1 1 1 1 1 1 1 1 1 1 1 1 1 1 1 1 1 1 1 1 1 1 1 1 1 1 1 1 1 1 1 1 1 1 1 1 1 1 0 0 1 1 1 1 1 1 1 1 1 
1 1 1 1 1 1 1 1 1 1 1 1 1 1 1 1 1 1 1 1 1 1 1 1 1 1 1 1 1 1 1 1 1 1 1 1 1 1 1 1 1 1 1 1 1 1 1 1 1 1 1 1 1 1 1 1 1 1 1 1 1 1 1 1 1 1 1 1 1 0 0 1 1 1 1 1 1 1 1 1 
1 1 1 1 1 1 1 1 1 1 1 1 1 1 1 1 1 1 1 1 1 1 1 1 1 1 1 1 1 1 1 1 1 1 1 1 1 1 1 1 1 1 1 1 1 1 1 1 1 1 1 1 1 1 1 1 1 1 1 1 1 1 1 1 1 1 1 1 1 0 0 1 1 1 1 1 1 1 1 1 
1 1 1 1 1 1 1 1 1 1 1 1 1 1 1 1 1 1 1 1 1 1 1 1 1 1 1 1 1 1 1 1 1 1 1 1 1 1 1 1 1 1 1 1 1 1 1 1 1 1 1 1 1 1 1 1 1 1 1 1 1 1 1 1 1 1 1 1 1 0 1 1 1 1 1 1 1 1 1 1 
1 1 1 1 1 1 1 1 1 1 1 1 1 1 1 1 1 1 1 1 1 1 1 1 1 1 1 1 1 1 1 1 1 1 1 1 1 1 1 1 1 1 1 1 1 1 1 1 1 1 1 1 1 1 1 1 1 1 1 1 1 1 1 1 1 1 1 1 1 0 1 1 1 1 1 1 1 1 1 1 
1 1 1 1 1 1 1 1 1 1 1 1 1 1 1 1 1 1 1 1 1 1 1 1 1 1 1 1 1 1 1 1 1 1 1 1 1 1 1 1 1 1 1 1 1 1 1 1 1 1 1 1 1 1 1 1 1 1 1 1 1 1 1 1 1 1 1 1 1 0 1 1 1 1 1 1 1 1 1 1 
1 1 1 1 1 1 1 1 1 1 1 1 1 1 1 1 1 1 1 1 1 1 1 1 1 1 1 1 1 1 1 1 1 1 1 1 1 1 1 1 1 1 1 1 1 1 1 1 1 1 1 1 1 1 1 1 1 1 1 1 1 1 1 1 1 1 1 1 1 0 1 1 1 1 1 1 1 1 1 1 
1 1 1 1 1 1 1 1 1 1 1 1 1 1 1 1 1 1 1 1 1 1 1 1 1 1 1 1 1 1 1 1 1 1 1 1 1 1 1 1 1 1 1 1 1 1 1 1 1 1 1 1 1 1 1 1 1 1 1 1 1 1 1 1 1 1 1 1 0 1 1 1 1 1 1 1 1 1 1 1 
1 1 1 1 1 1 1 1 1 1 1 1 1 1 1 1 1 1 1 1 1 1 1 1 1 1 1 1 1 1 1 1 1 1 1 1 1 1 1 1 1 1 1 1 1 1 1 1 1 1 1 1 1 1 1 1 1 1 1 1 1 1 1 1 1 1 1 1 0 1 1 1 1 1 1 1 1 1 1 1 
1 1 1 1 1 1 1 1 1 1 1 1 1 1 1 1 1 1 1 1 1 1 1 1 1 1 1 1 0 1 1 1 1 1 1 1 1 1 1 1 1 1 1 1 1 1 1 1 1 1 1 1 1 1 1 1 1 1 1 1 1 1 1 1 1 1 1 1 0 1 1 1 1 1 1 1 1 1 1 1 
1 1 1 1 1 1 1 1 1 1 1 1 1 1 1 1 1 1 1 1 1 1 1 1 1 1 1 1 1 1 1 1 1 1 1 1 1 1 1 1 1 1 1 1 1 1 1 1 1 1 1 1 1 1 1 1 1 1 1 1 1 1 1 1 1 1 1 1 0 1 1 1 1 1 1 1 1 1 1 1 
1 1 1 1 1 1 1 1 1 1 1 1 1 1 1 1 1 1 1 1 1 1 1 1 1 1 1 1 1 1 1 1 1 1 1 1 1 1 1 1 1 1 1 1 1 1 1 1 1 1 1 1 1 1 1 1 1 1 1 1 1 1 1 1 1 1 1 0 1 1 1 1 1 1 1 1 1 1 1 1 
1 1 1 1 1 1 1 1 1 1 1 1 1 1 1 1 1 1 1 1 1 1 1 1 1 1 1 1 1 1 1 1 1 1 1 1 1 1 1 1 1 1 1 1 1 1 1 1 1 1 1 1 1 1 1 1 1 1 1 1 1 1 1 1 1 1 1 0 1 1 1 1 1 1 1 1 1 1 1 1 
1 1 1 1 1 1 1 1 1 1 1 1 1 1 1 1 1 1 1 1 1 1 1 1 1 1 1 1 1 1 1 1 1 1 1 1 1 1 1 1 1 1 1 1 1 1 1 1 1 1 1 1 1 1 1 1 1 1 1 1 1 1 1 1 1 1 1 1 1 1 1 1 1 1 1 1 1 1 1 1 
1 1 1 1 1 1 1 1 1 1 1 1 1 1 1 1 1 1 1 1 1 1 1 1 1 1 1 1 1 1 1 1 1 1 1 1 1 1 1 1 1 1 1 1 1 1 1 1 1 1 1 1 1 1 1 1 1 1 1 1 1 1 1 1 1 1 0 1 1 1 1 1 1 1 1 1 1 1 1 1 
1 1 1 1 1 1 1 1 1 1 1 1 1 1 1 1 1 1 1 1 1 1 1 1 1 1 1 1 1 1 1 1 1 1 1 1 1 1 1 1 1 1 1 1 1 1 1 1 1 1 1 1 1 1 1 1 1 1 1 1 1 1 1 1 1 1 0 1 1 1 1 1 1 1 1 1 1 1 1 1 
1 1 1 1 1 1 1 1 1 1 1 1 1 1 1 1 1 1 1 1 1 1 1 1 1 1 1 1 1 1 1 1 1 1 1 1 1 1 1 1 1 1 1 1 1 1 1 1 1 1 1 1 1 1 1 1 1 1 1 1 1 1 1 1 1 1 1 1 1 1 1 1 1 1 1 1 1 1 1 1 
1 1 1 1 1 1 1 1 1 1 1 1 1 1 1 1 1 1 1 1 1 1 1 1 1 1 1 1 1 1 1 1 1 1 1 1 1 1 1 1 1 1 1 1 1 1 1 1 1 1 1 1 1 1 1 1 1 1 1 1 1 1 1 1 1 0 1 1 1 1 1 1 1 1 1 1 1 1 1 1 
1 1 1 1 1 1 1 1 1 1 1 1 1 1 1 1 1 1 1 1 1 1 1 1 1 1 1 1 1 1 1 1 1 1 1 1 1 1 1 1 1 1 1 1 1 1 1 1 1 1 1 1 1 1 1 1 1 1 1 1 1 1 1 1 1 1 1 1 1 1 1 1 1 1 1 1 1 1 1 1 
1 1 1 1 1 1 1 1 1 1 1 1 1 1 1 1 1 1 1 1 1 1 1 1 1 1 1 1 1 1 1 1 1 1 1 1 1 1 1 1 1 1 1 1 1 1 1 1 1 1 1 1 1 1 1 1 1 1 1 1 1 1 1 1 0 1 1 1 1 1 1 1 1 1 1 1 1 1 1 1 
1 1 1 1 1 1 1 1 1 1 1 1 1 1 1 1 1 1 1 1 1 1 1 1 1 1 1 1 1 1 1 1 1 1 1 1 1 1 1 1 1 1 1 1 1 1 1 1 1 1 1 1 1 1 1 1 1 1 1 1 1 1 1 1 1 1 1 1 1 1 1 1 1 1 1 1 1 1 1 1 
1 1 1 1 1 1 1 1 1 1 1 1 1 1 1 1 1 1 1 1 1 1 1 1 1 1 1 1 1 1 1 1 1 1 1 1 1 1 1 1 1 1 1 1 1 1 1 1 1 1 1 1 1 1 1 1 1 1 1 1 1 1 1 0 1 1 1 1 1 1 1 1 1 1 1 1 1 1 1 1 
1 1 1 1 1 1 1 1 1 1 1 1 1 1 1 1 1 1 1 1 1 1 1 1 1 1 1 1 1 1 1 1 1 1 1 1 1 1 1 1 1 1 1 1 1 1 1 1 1 1 1 1 1 1 1 1 1 1 1 1 1 1 1 1 1 1 1 1 1 1 1 1 1 1 1 1 1 1 1 1 
1 1 1 1 1 1 1 1 1 1 1 1 1 1 1 1 1 1 1 1 1 1 1 1 1 1 1 1 1 1 1 1 1 1 1 1 1 1 1 1 1 1 1 1 1 1 1 1 1 1 1 1 1 1 1 1 1 1 1 1 1 1 1 1 1 1 1 1 1 1 1 1 1 1 1 1 1 1 1 1 
1 1 1 1 1 1 1 1 1 1 1 1 1 1 1 1 1 1 1 1 1 1 1 1 1 1 1 1 1 1 1 1 1 1 1 1 1 1 1 1 1 1 1 1 1 1 1 1 1 1 1 1 1 1 1 1 1 1 1 1 1 1 1 1 1 1 1 1 1 1 1 1 1 1 1 1 1 1 1 1 
1 1 1 1 1 1 1 1 1 1 1 1 1 1 1 1 1 1 1 1 1 1 1 1 1 1 1 1 1 1 1 1 1 1 1 1 1 1 1 1 1 1 1 1 1 1 1 1 1 1 1 1 1 1 1 1 1 1 1 1 1 1 1 1 1 1 1 1 1 1 1 1 1 1 1 1 1 1 1 1 
1 1 1 1 1 1 1 1 1 1 1 1 1 1 1 1 1 1 1 1 1 1 1 1 1 1 1 1 1 1 1 1 1 1 1 1 1 1 1 1 1 1 1 1 1 1 1 1 1 1 1 1 1 1 1 1 1 1 1 1 0 1 1 1 1 1 1 1 1 1 1 1 1 1 1 1 1 1 1 1 
1 1 1 1 1 1 1 1 1 1 1 1 1 1 1 1 1 1 1 1 1 1 1 1 1 1 1 1 1 1 1 1 1 1 1 1 1 1 1 1 1 1 1 1 1 1 1 1 1 1 1 1 1 1 1 1 1 1 1 1 1 1 1 1 1 1 1 1 1 1 1 1 1 1 1 1 1 1 1 1 
1 1 1 1 1 1 1 1 1 1 1 1 1 1 1 1 1 1 1 1 1 1 1 1 1 1 1 1 1 1 1 1 1 1 1 1 1 1 1 1 1 1 1 1 1 1 1 1 1 1 1 1 1 1 1 1 1 1 1 1 1 1 1 1 1 1 1 1 1 1 1 1 1 1 1 1 1 1 1 1 
1 1 1 1 1 1 1 1 1 1 1 1 1 1 1 1 1 1 1 1 1 1 1 1 1 1 1 1 1 1 1 1 1 1 1 1 1 1 1 1 1 1 1 1 1 1 1 1 1 1 1 1 1 1 1 1 1 1 1 1 1 1 1 1 1 1 1 1 1 1 1 1 1 1 1 1 1 1 1 1 
1 1 1 1 1 1 1 1 1 1 1 1 1 1 1 1 1 1 1 1 1 1 1 1 1 1 1 1 1 1 1 1 1 1 1 1 1 1 1 1 1 1 1 1 1 1 1 1 1 1 1 1 1 1 1 1 1 1 1 1 1 1 1 1 1 1 1 1 1 1 1 1 1 1 1 1 1 1 1 1 
1 1 1 1 1 1 1 1 1 1 1 1 1 1 1 1 1 1 1 1 1 1 1 1 1 1 1 1 1 1 1 1 1 1 1 1 1 1 1 1 1 1 1 1 1 1 1 1 1 1 1 1 1 1 1 1 1 1 1 1 1 1 1 1 1 1 1 1 1 1 1 1 1 1 1 1 1 1 1 1 
1 1 1 1 1 1 1 1 1 1 1 1 1 1 1 1 1 1 1 1 1 1 1 1 1 1 1 1 1 1 1 1 1 1 1 1 1 1 1 1 1 1 1 1 1 1 1 1 1 1 1 1 1 1 1 1 0 1 1 1 1 1 1 1 1 1 1 1 1 1 1 1 1 1 1 1 1 1 1 1 
1 1 1 1 1 1 1 1 1 1 1 1 1 1 1 1 1 1 1 1 1 1 1 1 1 1 1 1 1 1 1 1 1 1 1 1 1 1 1 1 1 1 1 1 1 1 1 1 1 1 1 1 1 1 1 1 1 1 1 1 1 1 1 1 1 1 1 1 1 1 1 1 1 1 1 1 1 1 1 1 
1 1 1 1 1 1 1 1 1 1 1 1 1 1 1 1 1 1 1 1 1 1 1 1 1 1 1 1 1 1 1 1 1 1 1 1 1 1 1 1 1 1 1 1 1 1 1 1 1 1 1 1 1 1 1 1 1 1 1 1 1 1 1 1 1 1 1 1 1 1 1 1 1 1 1 1 1 1 1 1 
1 1 1 1 1 1 1 1 1 1 1 1 1 1 1 1 1 1 1 1 1 1 1 1 1 1 1 1 1 1 1 1 1 1 1 1 1 1 1 1 1 1 1 1 1 1 1 1 1 1 1 1 1 1 1 1 1 1 1 1 1 1 1 1 1 1 1 1 1 1 1 1 1 1 1 1 1 1 1 1 
1 1 1 1 1 1 1 1 1 1 1 1 1 1 1 1 1 1 1 1 1 1 1 1 1 1 1 1 1 1 1 1 1 1 1 1 1 1 1 1 1 1 1 1 1 1 1 1 1 1 1 1 1 1 1 1 1 1 1 1 1 1 1 1 1 1 1 1 1 1 1 1 1 1 1 1 1 1 1 1 
1 1 1 1 1 1 1 1 1 1 1 1 1 1 1 1 1 1 1 1 1 1 1 1 1 1 1 1 1 1 1 1 1 1 1 1 1 1 1 1 1 1 1 1 1 1 1 1 1 1 1 1 1 1 1 1 1 1 1 1 1 1 1 1 1 1 1 1 1 1 1 1 1 1 1 1 1 1 1 1 
1 1 1 1 1 1 1 1 1 1 1 1 1 1 1 1 1 1 1 1 1 1 1 1 1 1 1 1 1 1 1 1 1 1 1 1 1 1 1 1 1 1 1 1 1 1 1 1 1 1 1 1 1 1 1 1 1 1 1 1 1 1 1 1 1 1 1 1 1 1 1 1 1 1 1 1 1 1 1 1 
1 1 1 1 1 1 1 1 1 1 1 1 1 1 1 1 1 1 1 1 1 1 1 1 1 1 1 1 1 1 1 1 1 1 1 1 1 1 1 1 1 1 1 1 1 1 1 1 1 1 1 1 1 1 1 1 1 1 1 1 1 1 1 1 1 1 1 1 1 1 1 1 1 1 1 1 1 1 1 1 
1 1 1 1 1 1 1 1 1 1 1 1 1 1 1 1 1 1 1 1 1 1 1 1 1 1 1 1 1 1 1 1 1 1 1 1 1 1 1 1 1 1 1 1 1 1 1 1 1 1 1 1 1 1 1 1 1 1 1 1 1 1 1 1 1 1 1 1 1 1 1 1 1 1 1 1 1 1 1 1 
1 1 1 1 1 1 1 1 1 1 1 1 1 1 1 1 1 1 1 1 1 1 1 1 1 1 1 1 1 1 1 1 1 1 1 1 1 1 1 1 1 1 1 1 1 1 1 1 1 1 1 1 1 1 1 1 1 1 1 1 1 1 1 1 1 1 1 1 1 1 1 1 1 1 1 1 1 1 1 1 
1 1 1 1 1 1 1 1 1 1 1 1 1 1 1 1 1 1 1 1 1 1 1 1 1 1 1 1 1 1 1 1 1 1 1 1 1 1 1 1 1 1 1 1 1 1 1 1 1 1 1 1 1 1 1 1 1 1 1 1 1 1 1 1 1 1 1 1 1 1 1 1 1 1 1 1 1 1 1 1 
1 1 1 1 1 1 1 1 1 1 1 1 1 1 1 1 1 1 1 1 1 1 1 1 1 1 1 1 1 1 1 1 1 1 1 1 1 1 1 1 1 1 1 1 1 1 1 1 1 1 1 1 1 1 1 1 1 1 1 1 1 1 1 1 1 1 1 1 1 1 1 1 1 1 1 1 1 1 1 1 
1 1 1 1 1 1 1 1 1 1 1 1 1 1 1 1 1 1 1 1 1 1 1 1 1 1 1 1 1 1 1 1 1 1 1 1 1 1 1 1 1 1 1 1 1 1 1 1 1 1 1 1 1 1 1 1 1 1 1 1 1 1 1 1 1 1 1 1 1 1 1 1 1 1 1 1 1 1 1 1 


1124.186292 896.839728 709.931542 557.146013 433.035541 332.915188 252.768459 189.163500 139.178247 100.334811 70.540244 48.034775 31.345500 19.244626 10.708740 4.858389 1.000000 1.000000 1.000000 1.000000 1.000000 1.000000 1.000000 1.000000 1.000000 1.000000 1.000000 1.000000 1.000000 1.000000 1.000000 1.000000 1.000000 1.000000 1.000000 1.000000 1.000000 1.000000 1.000000 1.000000 1.000000 1.000000 1.000000 1.000000 1.000000 1.000000 1.000000 1.000000 1.000000 1.000000 1.000000 1.000000 1.000000 1.000000 1.000000 1.000000 1.000000 1.000000 1.000000 1.000000 1.000000 1.000000 1.000000 1.000000 1.000000 1.000000 1.000000 1.000000 1.000000 1.000000 1.000000 1.000000 1.000000 1.000000 1.000000 1.000000 1.000000 1.000000 1.000000 1.000000 
1114.706580 888.591186 702.771308 550.946151 427.681588 328.304888 248.810565 185.776664 136.290267 97.881378 68.464364 46.285911 29.878740 18.019577 9.686558 3.979522 1.000000 1.000000 1.520103 1.792807 1.245154 1.000000 1.000000 1.000000 1.000000 1.000000 1.000000 1.000000 1.000000 1.000000 1.000000 1.000000 1.000000 1.000000 1.000000 1.000000 1.000000 1.000000 1.000000 1.000000 1.000000 1.000000 1.000000 1.000000 1.000000 1.000000 1.000000 1.000000 1.000000 1.000000 1.000000 1.000000 1.000000 1.000000 1.000000 1.000000 1.000000 1.000000 1.000000 1.000000 1.000000 1.000000 1.000000 1.000000 1.000000 1.000000 1.000000 1.000000 1.000000 1.000000 1.000000 1.000000 1.000000 1.000000 1.000000 1.000000 1.000000 1.000000 1.000000 1.000000 
1086.394456 863.960868 681.395537 532.441868 411.706233 314.552413 237.007895 175.680558 127.684331 90.573424 62.283834 41.081513 25.515753 14.375383 6.632934 1.000000 1.000000 2.498750 3.170612 3.059061 2.447632 1.352515 1.000000 1.000000 1.000000 1.000000 1.000000 1.000000 1.000000 1.085916 1.000000 1.000000 1.000000 1.000000 1.000000 1.000000 1.000000 1.000000 1.000000 1.000000 1.000000 1.000000 1.000000 1.000000 1.000000 1.000000 1.000000 1.000000 1.000000 1.000000 1.000000 1.000000 1.000000 1.000000 1.000000 1.000000 1.000000 1.000000 1.000000 1.000000 1.000000 1.000000 1.000000 1.000000 1.000000 1.000000 1.000000 1.000000 1.000000 1.000000 1.000000 1.000000 1.000000 1.000000 1.000000 1.000000 1.000000 1.000000 1.000000 1.000000 
1039.629852 823.294629 646.118311 501.918471 385.368281 291.892266 217.572798 159.067185 113.533957 78.567397 52.139342 32.547181 18.365646 8.389890 1.000000 1.673002 4.343193 5.360625 5.415911 4.846879 3.894032 2.709219 1.000000 1.000000 1.000000 1.000000 1.000000 1.000000 1.000000 1.269774 1.000000 1.000000 1.000000 1.000000 1.000000 1.000000 1.000000 1.000000 1.000000 1.000000 1.000000 1.000000 1.000000 1.000000 1.000000 1.000000 1.000000 1.000000 1.000000 1.000000 1.000000 1.000000 1.000000 1.000000 1.000000 1.000000 1.000000 1.000000 1.000000 1.000000 1.000000 1.000000 1.000000 1.000000 1.000000 1.000000 1.000000 1.000000 1.000000 1.000000 1.000000 1.000000 1.000000 1.000000 1.000000 1.000000 1.000000 1.000000 1.000000 1.000000 
975.042809 767.165414 597.460397 459.848517 349.096474 260.713066 190.857052 136.254612 94.126299 62.121983 38.262667 20.886453 8.580600 1.000000 4.560999 7.587615 8.883195 8.990107 8.303740 7.125241 5.679054 4.120702 2.515260 1.000000 1.000000 1.000000 1.000000 1.000000 1.210720 1.491423 1.431851 1.000000 1.000000 1.000000 1.000000 1.000000 1.000000 1.000000 1.000000 1.000000 1.000000 1.000000 1.000000 1.000000 1.000000 1.000000 1.000000 1.000000 1.000000 1.000000 1.000000 1.000000 1.000000 1.000000 1.000000 1.000000 1.000000 1.000000 1.000000 1.000000 1.000000 1.000000 1.000000 1.000000 1.000000 1.000000 1.000000 1.000000 1.000000 1.000000 1.000000 1.000000 1.000000 1.000000 1.000000 1.000000 1.000000 1.000000 1.000000 1.000000 
893.508357 696.368831 536.144735 406.888474 303.485965 221.553974 157.348570 107.683782 69.859015 41.594007 20.967223 6.308426 3.020496 9.427691 12.896669 14.328846 14.320049 13.335501 11.737099 9.801381 7.733468 5.676611 3.710384 1.738797 1.000000 1.000000 1.000000 1.000000 1.501766 1.797185 1.806714 1.589361 1.000000 1.000000 1.000000 1.000000 1.000000 1.000000 1.000000 1.000000 1.000000 1.000000 1.000000 1.000000 1.000000 1.054683 1.000000 1.000000 1.000000 1.000000 1.000000 1.000000 1.000000 1.000000 1.000000 1.000000 1.000000 1.000000 1.000000 1.000000 1.000000 1.000000 1.000000 1.000000 1.000000 1.000000 1.000000 1.000000 1.000000 1.000000 1.000000 1.000000 1.000000 1.000000 1.000000 1.000000 1.000000 1.000000 1.000000 1.000000 
796.139920 611.917178 463.090684 343.872526 249.293118 175.099851 117.666726 73.913639 41.233667 17.418946 1.000000 10.357809 17.335938 21.059360 22.393729 22.023730 20.493176 18.229006 15.560785 12.737090 9.939074 7.290614 4.861379 2.630203 1.000000 1.000000 1.000000 1.000000 1.900109 2.223853 2.275924 2.115545 1.759741 1.000000 1.000000 1.000000 1.000000 1.000000 1.000000 1.000000 1.000000 1.000000 1.000000 1.000000 1.000000 1.078781 1.000000 1.000000 1.000000 1.000000 1.000000 1.000000 1.000000 1.000000 1.000000 1.000000 1.000000 1.000000 1.000000 1.000000 1.000000 1.000000 1.000000 1.000000 1.000000 1.000000 1.000000 1.000000 1.000000 1.000000 1.000000 1.000000 1.000000 1.000000 1.000000 1.000000 1.000000 1.000000 1.000000 1.000000 
684.280451 515.030860 379.406345 271.805770 187.428598 122.174798 72.555423 35.610211 8.785206 9.634818 21.972774 29.351458 32.999923 33.894407 32.821957 30.411540 27.159415 23.450785 19.578407 15.758448 12.143709 8.833791 5.879469 3.260160 1.000000 1.000000 1.000000 1.703455 2.462791 2.814757 2.891353 2.749315 2.426279 1.934786 1.000000 1.000000 1.000000 1.000000 1.000000 1.000000 1.000000 1.000000 1.000000 1.000000 1.000000 1.081386 1.134918 1.000000 1.000000 1.000000 1.000000 1.000000 1.000000 1.000000 1.000000 1.000000 1.000000 1.000000 1.000000 1.000000 1.000000 1.000000 1.000000 1.000000 1.000000 1.000000 1.000000 1.000000 1.000000 1.000000 1.000000 1.000000 1.000000 1.000000 1.000000 1.000000 1.000000 1.000000 1.000000 1.000000 
559.491816 407.128620 286.379198 191.855392 118.948974 63.732209 22.858404 6.231765 26.460798 39.366523 46.691100 49.793070 49.780513 47.550988 43.823972 39.168774 34.028724 28.742069 23.559970 18.661838 14.168102 10.150027 6.633872 3.578445 1.000000 1.000000 1.000000 2.503687 3.250467 3.621447 3.702596 3.551321 3.213810 2.724995 2.095749 1.049746 1.000000 1.000000 1.000000 1.000000 1.000000 1.000000 1.000000 1.000000 1.000000 1.060901 1.225224 1.124610 1.000000 1.000000 1.000000 1.000000 1.000000 1.000000 1.000000 1.000000 1.000000 1.000000 1.000000 1.000000 1.000000 1.000000 1.000000 1.000000 1.000000 1.000000 1.000000 1.000000 1.000000 1.000000 1.000000 1.000000 1.000000 1.000000 1.000000 1.000000 1.000000 1.000000 1.000000 1.000000 
423.542287 289.815872 185.465163 105.339399 45.040307 1.000000 30.316550 51.263754 64.125140 70.754464 72.678134 71.145969 67.172297 61.571502 54.988990 47.928120 40.773567 33.811504 27.246949 21.218491 15.810502 11.062262 6.970606 3.455143 1.000000 1.000000 2.295734 3.576057 4.332353 4.702770 4.762363 4.572175 4.185048 3.645688 2.987444 2.217798 1.000000 1.000000 1.000000 1.000000 1.000000 1.000000 1.000000 1.000000 1.000000 1.000000 1.302217 1.303738 1.082077 1.000000 1.000000 1.000000 1.000000 1.000000 1.000000 1.000000 1.000000 1.000000 1.000000 1.000000 1.000000 1.000000 1.000000 1.000000 1.000000 1.000000 1.000000 1.000000 1.000000 1.000000 1.000000 1.000000 1.000000 1.000000 1.000000 1.000000 1.000000 1.000000 1.000000 1.000000 
278.392303 164.870831 78.272913 13.662073 32.898515 65.207512 86.095858 98.052261 103.141999 103.071281 99.238786 92.780633 84.609603 75.449345 65.864364 56.285962 47.034778 38.340141 30.356731 23.178594 16.850629 11.376628 6.718021 2.707873 1.000000 1.731418 3.777393 5.034741 5.784244 6.122719 6.126144 5.861306 5.387587 4.756808 4.011992 3.183503 2.271829 1.000000 1.000000 1.000000 1.000000 1.000000 1.000000 1.000000 1.000000 1.000000 1.379226 1.448005 1.372600 1.000000 1.000000 1.000000 1.000000 1.000000 1.000000 1.000000 1.000000 1.000000 1.000000 1.000000 1.000000 1.000000 1.000000 1.000000 1.000000 1.000000 1.000000 1.000000 1.032158 1.000000 1.000000 1.000000 1.000000 1.000000 1.000000 1.000000 1.000000 1.000000 1.000000 1.000000 
126.176768 34.212796 33.386019 81.378861 113.571473 133.259237 143.194643 145.668874 142.576066 135.469462 125.610777 114.013456 101.480582 88.637891 75.962615 63.808401 52.426895 41.986276 32.587067 24.275379 17.053458 10.885702 5.686288 1.000000 1.000000 3.843045 5.742173 6.981159 7.685347 7.947831 7.850595 7.467492 6.864636 6.100199 5.223850 4.275349 3.279911 2.224811 1.000000 1.000000 1.000000 1.000000 1.000000 1.000000 1.000000 1.000000 1.464260 1.593753 1.584275 1.447439 1.000000 1.000000 1.000000 1.000000 1.000000 1.000000 1.000000 1.000000 1.000000 1.000000 1.000000 1.000000 1.000000 1.000000 1.000000 1.000000 1.000000 1.000000 1.033919 1.000000 1.000000 1.000000 1.000000 1.000000 1.000000 1.000000 1.000000 1.000000 1.000000 1.000000 
30.759863 99.994293 147.744078 178.321596 195.348179 201.857741 200.376440 192.992562 181.418035 167.042641 150.981598 134.117260 117.135558 100.557751 84.768003 70.037235 56.543690 44.390520 33.620706 24.229368 16.172873 9.370196 3.637467 1.000000 3.770303 6.478838 8.338660 9.513102 10.115239 10.244639 9.991608 9.437800 8.656203 7.711019 6.657470 5.541301 4.397122 3.242058 2.036504 1.000000 1.000000 1.000000 1.000000 1.000000 1.000000 1.000000 1.565121 1.753851 1.799099 1.726751 1.535307 1.090020 1.000000 1.000000 1.000000 1.000000 1.000000 1.000000 1.000000 1.000000 1.000000 1.000000 1.000000 1.000000 1.000000 1.000000 1.000000 1.000000 1.000000 1.047362 1.000000 1.000000 1.000000 1.000000 1.000000 1.000000 1.000000 1.000000 1.000000 1.000000 
190.093454 235.651898 262.720068 275.267072 276.618318 269.541777 256.324321 238.839074 218.604763 196.837898 174.498533 152.330282 130.895228 110.604257 91.743346 74.496237 58.963894 45.181083 33.130269 22.752691 13.954723 6.591572 1.000000 3.571089 7.285814 9.919963 11.687408 12.724442 13.151233 13.077325 12.602367 11.816121 10.798442 9.619312 8.338918 7.007620 5.665414 4.339600 3.034296 1.634077 1.000000 1.000000 1.000000 1.000000 1.000000 1.023007 1.690484 1.938714 2.035842 2.012887 1.881863 1.638652 1.181726 1.000000 1.000000 1.000000 1.000000 1.000000 1.000000 1.000000 1.000000 1.000000 1.000000 1.000000 1.000000 1.000000 1.000000 1.000000 1.000000 1.093841 1.000000 1.000000 1.000000 1.000000 1.000000 1.000000 1.000000 1.000000 1.000000 1.000000 
349.174805 370.398608 376.243740 370.334417 355.685098 334.783680 309.665039 281.975858 253.031676 223.866940 195.278815 167.865422 142.059102 118.155253 96.337243 76.697813 59.257368 43.979426 30.783295 19.553111 10.135434 2.075023 3.279120 8.227647 11.813133 14.315363 15.897390 16.703554 16.866021 16.505538 15.731423 14.641549 13.322461 11.849610 10.287669 8.690810 7.102731 5.555816 4.067040 2.615674 1.000000 1.000000 1.000000 1.000000 1.000000 1.209802 1.850385 2.159304 2.308215 2.330038 2.241580 2.051849 1.757038 1.278870 1.000000 1.000000 1.000000 1.000000 1.000000 1.000000 1.000000 1.000000 1.000000 1.000000 1.000000 1.000000 1.000000 1.000000 1.000000 1.104000 1.100601 1.000000 1.000000 1.000000 1.000000 1.000000 1.000000 1.000000 1.000000 1.000000 
505.372602 501.839813 486.152780 461.574654 430.794433 396.007044 358.983972 321.135437 283.564985 247.117306 212.419976 179.919807 149.914380 122.579298 97.991629 76.149977 56.991499 40.406059 26.247146 14.335405 4.379512 2.960098 9.399812 14.138558 17.537184 19.789389 21.067861 21.531365 21.325424 20.582258 19.420767 17.946685 16.252901 14.419916 12.516376 10.599605 8.715991 6.900861 5.176694 3.544066 1.906936 1.000000 1.000000 1.000000 1.000000 1.385017 2.056681 2.428248 2.630012 2.695109 2.642805 2.486939 2.236210 1.888069 1.380734 1.000000 1.000000 1.000000 1.000000 1.000000 1.000000 1.000000 1.000000 1.000000 1.000000 1.000000 1.000000 1.000000 1.000000 1.081610 1.164473 1.057743 1.000000 1.000000 1.000000 1.000000 1.000000 1.000000 1.000000 1.000000 
655.958052 627.513352 590.228759 546.991730 500.152931 451.602973 402.840028 355.029170 309.054414 265.564146 225.010735 187.684865 153.745258 123.244250 96.149708 72.363644 51.737840 34.086304 19.192089 6.770658 2.727899 10.937400 17.057538 21.534554 24.597233 26.451477 27.287256 27.279125 26.586105 25.351656 23.703874 21.755883 19.606402 17.340427 15.029983 12.734880 10.503366 8.372444 6.367144 4.495927 2.722772 1.000000 1.000000 1.000000 1.000000 1.605635 2.323661 2.760538 3.016704 3.124627 3.105186 2.975002 2.747627 2.432273 2.027810 1.483894 1.000000 1.000000 1.000000 1.000000 1.000000 1.000000 1.000000 1.000000 1.000000 1.000000 1.000000 1.000000 1.000000 1.000000 1.199646 1.193374 1.000000 1.000000 1.000000 1.000000 1.000000 1.000000 1.000000 1.000000 
798.150257 744.914401 686.218646 624.562071 561.945896 499.946753 439.781075 382.361542 328.346402 278.182441 232.142306 190.356781 152.842580 119.526192 90.264153 64.860116 43.078722 24.654626 9.272596 2.762429 13.025309 20.782202 26.540185 30.568417 33.111658 34.396381 34.631059 34.005977 32.693219 30.846911 28.603704 26.083444 23.389992 20.612142 17.824583 15.088883 12.454350 9.958660 7.627724 5.473060 3.476695 1.353614 1.000000 1.000000 1.000000 1.891958 2.668761 3.174122 3.486258 3.636685 3.647622 3.537840 3.323875 3.019769 2.635431 2.170931 1.583437 1.000000 1.000000 1.000000 1.000000 1.000000 1.000000 1.000000 1.000000 1.000000 1.000000 1.000000 1.000000 1.000000 1.215262 1.269354 1.210096 1.000000 1.000000 1.000000 1.000000 1.000000 1.000000 1.000000 
929.141931 851.518929 771.856503 692.254673 614.355968 539.415073 468.359894 401.844937 340.297824 283.959690 232.920131 187.147325 146.513840 110.818620 79.805536 53.178592 30.612651 11.741487 3.296230 15.910212 25.586998 32.848808 38.011643 41.365636 43.179815 43.702129 43.159208 41.756380 39.677988 37.087971 34.130667 30.931773 27.599434 24.225384 20.886155 17.644232 14.549138 11.638286 8.937238 6.458078 4.189382 2.000467 1.000000 1.000000 1.000000 2.266168 3.113305 3.690447 4.059699 4.251819 4.290400 4.196232 3.988289 3.683721 3.297213 2.839267 2.310731 1.673043 1.000000 1.000000 1.000000 1.000000 1.000000 1.000000 1.000000 1.000000 1.000000 1.000000 1.000000 1.000000 1.211355 1.325449 1.326626 1.223910 1.000000 1.000000 1.000000 1.000000 1.000000 1.000000 
1046.125332 944.807755 844.885786 748.051782 655.582267 568.403815 487.150659 412.214890 343.790060 281.908914 226.475883 177.294952 134.093396 96.541823 64.270703 36.882489 13.943589 4.589376 19.914491 31.821878 40.829759 47.308824 51.602041 54.027863 54.880010 54.427206 52.913248 50.557425 47.555226 44.079296 40.280572 36.289524 32.217545 28.158323 24.189249 20.372789 16.757749 13.380331 10.264650 7.421676 4.841452 2.427907 1.000000 1.000000 1.210677 2.755190 3.683170 4.334934 4.761538 4.993522 5.056083 4.972129 4.762984 4.448403 4.046241 3.571713 3.035657 2.439149 1.744917 1.000000 1.000000 1.000000 1.000000 1.000000 1.000000 1.000000 1.000000 1.000000 1.000000 1.000000 1.183379 1.367890 1.419027 1.381601 1.241542 1.000000 1.000000 1.000000 1.000000 1.000000 
1146.318835 1022.291202 903.082203 789.970084 683.860045 585.346226 494.765750 412.245632 337.743381 271.081961 211.979752 160.076102 114.952838 76.152165 43.189957 15.549004 6.983372 25.452244 39.927408 50.941355 58.928751 64.293865 67.412337 68.630754 68.266406 66.607437 63.913398 60.416122 56.320865 51.807601 47.032554 42.129729 37.212545 32.375475 27.695669 23.234510 19.039067 15.143316 11.568856 8.324146 5.397593 2.700162 1.000000 1.000000 1.947287 3.391744 4.409311 5.137369 5.620102 5.888581 5.969970 5.889521 5.671010 5.336713 4.907176 4.400805 3.833101 3.214889 2.546792 1.789635 1.000000 1.000000 1.000000 1.000000 1.000000 1.000000 1.000000 1.000000 1.000000 1.000000 1.114511 1.398806 1.499257 1.509710 1.439831 1.267899 1.000000 1.000000 1.000000 1.000000 
1226.994079 1081.534269 944.277055 816.082330 697.480694 588.731436 489.872882 400.765940 321.131589 250.582995 188.652876 134.816582 88.511222 49.150093 16.114467 10.956142 33.047430 50.451953 63.747242 73.442595 80.013136 83.900415 85.511852 85.220555 83.365601 80.252759 76.155579 71.316688 65.949440 60.239582 54.347077 48.407996 42.536403 36.826242 31.353168 26.176305 21.339854 16.874475 12.798141 9.115487 5.810767 2.785508 1.000000 1.000000 2.708670 4.214847 5.328110 6.132191 6.667776 6.967313 7.060374 6.974851 6.737176 6.372233 5.903168 5.351104 4.734728 4.069503 3.365812 2.622983 1.795752 1.000000 1.000000 1.000000 1.000000 1.000000 1.000000 1.000000 1.000000 1.000000 1.000000 1.419131 1.571755 1.626632 1.603757 1.504842 1.305875 1.000000 1.000000 1.000000 
1285.503530 1120.182188 966.380899 824.539234 694.812018 577.123201 471.212411 376.675095 292.996722 219.582053 155.779747 100.902776 54.243759 15.060743 17.133641 43.354388 64.071184 79.934890 91.541427 99.447475 104.170250 106.186915 105.934491 103.810348 100.173128 95.344004 89.608414 83.217815 76.391713 69.319763 62.163940 55.060722 48.123258 41.443488 35.094193 29.130922 23.593783 18.508938 13.889556 9.735078 6.023003 2.624345 1.000000 1.203767 3.662670 5.269981 6.481565 7.358674 7.941164 8.263711 8.358773 8.257229 7.988415 7.579997 7.057782 6.445507 5.764559 5.033566 4.267576 3.476016 2.655795 1.748700 1.000000 1.000000 1.000000 1.000000 1.000000 1.000000 1.000000 1.000000 1.000000 1.429468 1.639104 1.738884 1.757893 1.704891 1.578899 1.356528 1.000000 1.000000 
1319.308342 1135.986202 967.407415 813.591520 674.318615 549.178749 437.614818 338.958988 252.463904 177.328633 112.720445 57.790887 11.642262 26.301224 57.180979 81.610082 100.336468 114.055947 123.418686 129.028467 131.442106 131.169566 128.674662 124.376282 118.649898 111.829653 104.210413 96.050131 87.572281 78.968356 70.400379 62.003393 53.887898 46.142204 38.834691 32.015915 25.720541 19.968959 14.768263 10.111191 5.965040 2.115152 1.000000 2.611916 4.884077 6.609075 7.917350 8.861019 9.481172 9.815518 9.899898 9.768532 9.453945 8.986797 8.395700 7.707038 6.944768 6.130175 5.281445 4.412780 3.532013 2.631972 1.626936 1.000000 1.000000 1.000000 1.000000 1.000000 1.000000 1.000000 1.000000 1.430492 1.703401 1.850323 1.910690 1.897381 1.815527 1.663368 1.419707 1.000000 
1326.006323 1126.829467 945.497305 781.612168 634.582392 503.667671 388.017920 286.706115 198.755988 123.164853 58.920168 4.848183 39.426838 75.514550 104.067768 125.952305 141.978578 152.903607 159.429754 162.204511 161.820790 158.817948 153.683179 146.853694 138.718874 129.622829 119.867136 109.713640 99.387335 89.079244 78.949270 69.128987 59.724344 50.818247 42.473017 34.732669 27.624981 21.163195 15.346934 10.160418 5.554917 1.000000 1.000000 4.068923 6.443288 8.290389 9.688798 10.688374 11.333031 11.664248 11.721731 11.543416 11.165309 10.621300 9.942979 9.159484 8.297352 7.380354 6.429265 5.461417 4.489664 3.519385 2.536524 1.380462 1.000000 1.000000 1.000000 1.000000 1.000000 1.000000 1.000000 1.423272 1.766797 1.964073 2.067219 2.092440 2.047824 1.937218 1.758950 1.494680 
1303.359869 1090.752791 898.942311 727.118357 574.322856 439.490674 321.484352 219.123244 131.207507 56.534526 5.869648 57.691923 99.551399 132.645128 157.976986 176.488218 189.057303 196.498624 199.562531 198.935986 195.243724 189.050480 180.863169 171.133656 160.261739 148.598298 136.448553 124.075370 111.702546 99.518104 87.677456 76.306494 65.504549 55.347203 45.888931 37.165548 29.196391 21.986070 15.525176 9.786971 4.693281 1.000000 2.657788 5.897998 8.413984 10.378388 11.854825 12.894792 13.546256 13.855134 13.865467 13.619274 13.156342 12.514032 11.727108 10.827599 9.844689 8.804612 7.730518 6.642246 5.555818 4.482122 3.422798 2.351279 1.000000 1.000000 1.000000 1.000000 1.000000 1.000000 1.000000 1.409609 1.831784 2.083224 2.231632 2.296304 2.287288 2.210965 2.070864 1.865826 
1249.323829 1025.980690 826.208793 648.793264 492.417143 355.697925 237.218163 135.550427 49.272325 22.915005 82.526635 130.729518 168.776015 197.828775 218.977760 233.238916 241.553645 244.788588 243.736716 239.119460 231.588837 221.730389 210.066406 197.059417 183.115836 168.589727 153.786592 138.967159 124.351098 110.120668 96.424227 83.379580 71.077231 59.583375 48.942736 39.181152 30.307864 22.317236 15.189004 8.881495 3.237789 1.000000 4.865862 8.212733 10.875020 12.943625 14.479827 15.539137 16.174551 16.437029 16.375396 16.036114 15.463052 14.697286 13.776948 12.737109 11.609700 10.423447 9.203808 7.972867 6.749076 5.546614 4.373579 3.225637 2.049326 1.000000 1.000000 1.000000 1.000000 1.000000 1.000000 1.392487 1.901394 2.211173 2.408012 2.514171 2.541243 2.497166 2.387799 2.216804 
1162.073018 930.946143 725.960969 545.507568 387.919767 251.507135 134.580707 35.462160 47.382149 115.649024 170.765124 214.161626 247.181965 271.084367 287.040273 296.134298 299.363902 297.641871 291.798181 282.583051 270.670388 256.661591 241.089619 224.423222 207.071269 189.387100 171.672846 154.183680 137.131957 120.691205 104.999961 90.165419 76.266867 63.358935 51.474551 40.627710 30.815786 22.021130 14.210254 7.317821 1.000000 3.184855 7.597858 11.114527 13.911078 16.062595 17.633515 18.684923 19.275645 19.462235 19.298731 18.836392 18.123454 17.204952 16.122580 14.914602 13.615800 12.257453 10.867319 9.469606 8.084862 6.729660 5.415692 4.146967 2.908500 1.560601 1.000000 1.000000 1.000000 1.000000 1.000000 1.376674 1.979335 2.351852 2.600788 2.751177 2.815936 2.804154 2.723106 2.578667 
1040.028875 804.315695 597.083837 416.340391 260.081705 126.319655 13.045560 81.407230 159.108451 221.693328 270.808795 308.002882 334.723597 352.317611 362.030202 365.006410 362.293183 354.842341 343.514193 329.081637 312.234650 293.585011 273.671197 252.963361 231.868306 210.734429 189.856551 169.480626 149.808278 131.001145 113.185015 96.453739 80.872897 66.483222 53.303744 41.334618 30.559460 20.946585 12.445565 4.936146 1.000000 6.463621 11.022560 14.706292 17.612885 19.817566 21.390715 22.400101 22.911068 22.986271 22.685373 22.064762 21.177326 20.072287 18.795086 17.387325 15.886745 14.327237 12.738874 11.147937 9.576899 8.044289 6.564228 5.145000 3.784121 2.443182 1.000000 1.000000 1.000000 1.000000 1.000000 1.369320 2.070111 2.509901 2.814993 3.012864 3.117584 3.139200 3.086041 2.965354 
881.885967 645.013612 438.705181 260.599207 108.366311 20.194257 127.439717 215.333477 285.913090 341.072276 382.589580 412.126373 431.225949 441.314080 443.700834 439.583436 430.049987 416.083831 398.568435 378.292641 355.956154 332.175193 307.488199 282.361521 257.195051 232.327717 208.042828 184.573211 162.106138 140.788002 120.728748 102.006023 84.669064 68.742293 54.228589 41.112185 29.360891 18.926404 9.733101 1.000000 4.673669 10.513624 15.270836 19.095758 22.077230 24.296347 25.831079 26.756758 27.145846 27.067567 26.587596 25.767774 24.665905 23.335612 21.826259 20.182916 18.446378 16.653209 14.835816 13.022519 11.237614 9.501347 7.829692 6.233574 4.716311 3.263264 1.755056 1.000000 1.000000 1.000000 1.000000 1.379928 2.179114 2.690832 3.056479 3.305473 3.452881 3.509602 3.484862 3.386955 
686.637251 452.244931 250.216589 77.833924 67.492705 188.372604 287.184667 366.236824 427.701337 473.615540 505.879937 526.257929 536.377115 537.731918 531.687298 519.483335 502.240480 480.965323 456.556723 429.812166 401.434268 372.037304 342.153713 312.240496 282.685455 253.813251 225.891219 199.134933 173.713493 149.754524 127.348872 106.554996 87.403039 69.898583 54.026023 39.751463 27.024585 15.776396 5.871562 1.875887 9.489743 15.538417 20.471569 24.396498 27.406757 29.591936 31.038730 31.830747 32.048109 31.767064 31.059661 29.993487 28.631508 27.031949 25.248248 23.329062 21.318319 19.255302 17.174761 15.107033 13.078156 11.109933 9.219858 7.420698 5.719019 4.109851 2.547738 1.000000 1.000000 1.000000 1.000000 1.418792 2.312721 2.901185 3.332098 3.636173 3.829312 3.923207 3.927917 3.852664 
453.598538 225.517227 31.270122 132.094692 267.609356 378.012697 465.944964 533.890956 584.177618 618.972691 640.285269 649.968000 649.720683 641.094963 625.499932 604.208392 578.363639 548.986592 516.983143 483.151616 448.190239 412.704543 377.214633 342.162265 307.917690 274.786230 243.014557 212.796654 184.279453 157.568127 132.731039 109.804349 88.796257 69.690880 52.451699 37.024315 23.337310 11.290738 1.000000 7.837336 15.434646 21.696102 26.757874 30.728098 33.709631 35.802096 37.101772 37.701190 37.688629 37.147763 36.157348 34.791007 33.117085 31.198579 29.093138 26.853097 24.525578 22.152609 19.771281 17.413910 15.108206 12.877398 10.740275 8.710972 6.798096 5.001562 3.298479 1.469520 1.000000 1.000000 1.000000 1.494562 2.478416 3.148710 3.649898 4.013263 4.255392 4.388735 4.424178 4.371832 
182.430040 35.299503 218.061953 369.132740 491.722134 588.845806 663.337905 717.848521 754.843208 776.604554 785.235471 782.663922 770.648766 750.786528 724.518825 693.140307 657.806924 619.544391 579.256732 537.734803 495.664705 453.636028 412.149857 371.626503 332.412921 294.789781 258.978189 225.146017 193.413869 163.860642 136.528714 111.428732 88.544009 67.834495 49.240202 32.683527 18.066785 5.193949 5.413856 14.876949 22.720938 29.142975 34.268612 38.215845 41.098992 43.028754 44.111737 44.449928 44.140237 43.274137 41.937415 40.209960 38.165695 35.872542 33.392460 30.781532 28.090107 25.362963 22.639506 19.953981 17.335684 14.809152 12.394277 10.106249 7.955021 5.943268 4.058094 2.211714 1.000000 1.000000 1.000000 1.613645 2.684957 3.442557 4.019311 4.446369 4.740870 4.916022 4.983556 4.954497 
126.818534 330.120161 497.579448 632.841253 739.340974 820.302030 878.734078 917.433659 938.986976 945.774543 939.977104 923.582910 898.395783 866.043890 827.988979 785.535956 739.842585 691.929270 642.688745 592.895627 543.215745 494.215178 446.368985 400.069542 355.634511 313.314384 273.299600 235.727241 200.687277 168.228393 138.363369 111.074043 86.315820 64.021685 44.105439 26.462585 10.951674 1.812234 13.774447 23.493959 31.533447 38.039837 43.148426 46.990232 49.692335 51.377353 52.162848 52.160789 51.477131 50.211492 48.456940 46.299860 43.819909 41.090054 38.176634 35.139521 32.032293 28.902454 25.791676 22.736054 19.766373 16.908343 14.182790 11.605701 9.187913 6.933723 4.835380 2.841345 1.000000 1.000000 1.000000 1.782117 2.942613 3.793498 4.451366 4.946643 5.296933 5.516223 5.617148 5.611693 
473.763699 658.321439 806.598263 922.496803 1009.673008 1071.535559 1111.247896 1131.732450 1135.676742 1125.540924 1103.566513 1071.785992 1032.033114 985.953619 935.016252 880.523887 823.624674 765.323052 706.490555 647.876366 590.117508 533.748654 479.211525 426.863823 376.987696 329.797732 285.448447 244.041302 205.631217 170.232613 137.824997 108.358023 81.756102 57.922315 36.741008 18.072825 1.000000 12.027626 23.960154 33.912077 42.058019 48.553068 53.547219 57.186146 59.610654 60.955995 61.351252 60.918840 59.774129 58.025181 55.772586 53.109394 50.121125 46.885853 43.474346 39.950266 36.370391 32.784894 29.237629 25.766441 22.403478 19.175475 16.104011 13.205636 10.491720 7.967460 5.627890 3.437225 1.000000 1.000000 1.000000 2.007901 3.263460 4.214171 4.958900 5.526959 5.936389 6.202008 6.337433 6.355689 
857.554691 1019.004465 1144.122151 1237.043033 1301.617468 1341.414550 1359.728078 1359.584364 1343.751531 1314.750003 1274.863856 1226.152810 1170.464623 1109.447766 1044.564119 977.101629 908.186827 838.797026 769.772227 701.826578 635.559425 571.465836 509.946624 451.317843 395.819720 343.625041 294.847007 249.546508 207.738905 169.400247 134.472992 102.871199 74.485077 49.184635 26.819630 7.159645 9.526376 24.062715 36.264272 46.345909 54.485394 60.854258 65.619282 68.941911 70.977474 71.874482 71.774046 70.809435 69.105762 66.779781 63.939794 60.685644 57.108792 53.292462 49.311845 45.234347 41.119883 37.021205 32.984233 29.048425 25.247134 21.607946 18.153003 14.899183 11.858077 9.035261 6.427190 4.005918 1.495112 1.000000 1.000000 2.301996 3.661725 4.719336 5.556789 6.202127 6.673863 6.987741 7.158458 7.200182 
1276.944356 1410.852614 1508.785394 1575.080717 1613.755100 1628.511504 1622.749128 1599.574749 1561.815176 1512.030563 1452.528353 1385.377562 1312.423245 1235.301004 1155.451351 1074.133836 992.440833 911.310937 831.541850 753.802756 678.646140 606.518997 537.773447 472.676723 411.420555 354.129907 300.871145 251.659571 206.466391 165.225116 127.837353 94.178065 64.099947 37.435762 13.981431 6.136219 23.744532 38.579955 50.934990 61.013436 69.011286 75.119248 79.522164 82.398137 83.917709 84.243202 83.528202 81.917182 79.545267 76.538106 73.011841 69.073190 64.819587 60.339394 55.712171 51.008991 46.292797 41.618776 37.034767 32.581671 28.293853 24.199555 20.321248 16.675892 13.275014 10.124132 7.220207 4.539171 1.896647 1.000000 1.000000 2.678982 4.154153 5.326152 6.262183 6.989098 7.525993 7.889663 8.096012 8.160465 
1730.241933 1832.139682 1898.841950 1934.857530 1944.339101 1931.095318 1898.604402 1850.028888 1788.231158 1715.789514 1635.014627 1547.966027 1456.468593 1362.128793 1266.350670 1170.351353 1075.176098 981.712746 890.705606 802.768654 718.398062 637.984067 561.822111 490.123283 423.024109 360.595612 302.851728 249.757077 201.234095 157.169520 117.420297 81.818708 50.176062 22.277983 1.022740 22.950064 40.855867 55.868127 68.220642 78.137129 85.835413 91.526855 95.415349 97.696406 98.556383 98.171896 96.709376 94.324794 91.163491 87.360143 83.038821 78.313137 73.286471 68.052257 62.694325 57.287283 51.896941 46.580749 41.388261 36.361604 31.535941 26.939932 22.596117 18.521280 14.726571 11.217059 7.989510 5.021330 2.157562 1.000000 1.000000 3.157300 4.760369 6.054449 7.094740 7.907179 8.511623 8.926073 9.167792 9.253599 
2215.303653 2280.718887 2312.155525 2314.259372 2291.287572 2247.124827 2185.300651 2109.007402 2021.118845 1924.208870 1820.570357 1712.233806 1600.985729 1488.386609 1375.788375 1264.351256 1155.059987 1048.739295 946.068686 847.596411 753.752684 664.862098 581.155284 502.779763 429.810048 362.257023 300.076564 243.177485 191.428784 144.666232 102.698219 65.310462 32.266236 3.053121 21.627755 43.098458 61.202825 76.209383 88.373266 97.943007 105.159982 110.257286 113.458685 114.977747 115.017161 113.768232 111.410548 108.111783 104.027636 99.301885 94.066534 88.442052 82.537679 76.451798 70.272348 64.077292 57.935095 51.905240 46.038756 40.378738 34.960876 29.813959 24.960342 20.416326 16.192347 12.292652 8.713204 5.431117 2.296221 1.000000 1.321215 3.759434 5.503218 6.927010 8.076868 8.978247 9.651993 10.117508 10.393574 10.498559 
2729.522183 2754.013601 2746.191635 2710.803584 2652.177843 2574.244116 2480.554207 2374.303261 2258.351217 2135.244126 2007.235238 1876.305776 1744.185100 1612.370303 1482.145079 1354.597867 1230.639136 1111.017847 996.337023 887.068481 783.566639 686.081448 594.770488 509.710182 430.906193 358.303037 291.792862 231.223550 176.406043 127.120905 83.123906 44.148815 9.858454 19.732955 45.327385 67.015086 85.105159 99.888303 111.647792 120.658955 127.187908 131.490365 133.810664 134.380977 133.420746 131.136283 127.720548 123.353056 118.199926 112.414031 106.135250 99.490796 92.595618 85.552858 78.454347 71.381153 64.404134 57.584529 50.974539 44.617929 38.550600 32.801161 27.391440 22.336932 17.647023 13.324727 9.364628 5.741994 2.291761 1.000000 2.110502 4.512080 6.409067 7.969829 9.233965 10.226965 10.970945 11.486917 11.795372 11.916396 
3269.818270 3249.010313 3198.011725 3121.634187 3024.242699 2909.779621 2781.788908 2643.440427 2497.554184 2346.624112 2192.841339 2038.116928 1884.103756 1732.217633 1583.657537 1439.424860 1300.341782 1167.068573 1040.119938 919.880381 806.618567 700.500715 601.603050 509.923350 425.391561 347.879578 277.210219 213.165345 155.493205 103.914833 58.128462 17.792992 17.231383 47.579713 73.404012 95.061519 112.883154 127.191469 138.300160 146.512653 152.120753 155.403541 156.626497 156.040847 153.883107 150.374821 145.722443 140.117381 133.736143 126.740614 119.278404 111.483286 103.475692 95.363259 87.241430 79.194068 71.294100 63.604175 56.177325 49.057620 42.280818 35.874984 29.861060 24.253354 19.059826 14.281829 9.911971 5.922019 2.102242 1.000000 2.925942 5.446293 7.508090 9.212378 10.594653 11.681000 12.495112 13.059846 13.397606 13.530373 
3832.634842 3762.253946 3664.269592 3543.519268 3404.368645 3250.739189 3086.135834 2913.674213 2736.107450 2555.852390 2375.014934 2195.414541 2018.607831 1845.911069 1678.421653 1517.038443 1362.481066 1215.308019 1075.933700 944.644324 821.612783 706.912424 600.529828 502.376545 412.299976 330.093243 255.504229 188.243731 127.992666 74.407700 27.116045 14.102808 49.914970 80.497235 106.265815 127.597066 144.857907 158.405365 168.584960 175.729224 180.156441 182.169667 182.055989 180.086014 176.513551 171.575483 165.491792 158.465718 150.684049 142.317496 133.521181 124.435156 115.185033 105.882619 96.626601 87.503264 78.587210 69.942099 61.621383 53.669034 46.120250 39.002139 32.334345 26.129585 20.393969 15.126733 10.317832 5.933406 1.630776 1.000000 3.908419 6.597644 8.834524 10.687861 12.191015 13.371235 14.254114 14.864611 15.227254 15.366121 
4413.933804 4289.845672 4141.210147 3972.850631 3789.096271 3593.813127 3390.434995 3181.993458 2971.147166 2760.210286 2551.179825 2345.761806 2145.396418 1951.281802 1764.396674 1585.521685 1415.259476 1254.053586 1102.206033 959.893742 827.183785 704.047536 590.373610 485.979889 390.624446 304.015526 225.820583 155.674328 93.185407 37.936492 10.343232 52.421112 88.457298 118.945914 144.314596 164.980343 181.349038 193.813685 202.752714 208.528592 211.486717 211.954591 210.241239 206.636851 201.412626 194.820786 187.094752 178.449443 169.081694 159.170782 148.878995 138.352328 127.721174 117.101087 106.593570 96.286873 86.256816 76.567604 67.272639 58.415323 50.029827 42.141842 34.769257 27.922741 21.606088 15.815901 10.538696 5.731744 1.000000 1.250546 5.119436 8.006384 10.426924 12.433462 14.058827 15.331979 16.280753 16.932469 17.314015 17.451767 
5009.195447 4827.443300 4624.670649 4405.645689 4174.622861 3935.377344 3691.238889 3445.124545 3199.570285 2956.761522 2718.562264 2486.542936 2262.006814 2046.015133 1839.410669 1642.840011 1456.774360 1281.529033 1117.281583 964.088696 821.901622 690.580668 569.908351 459.601463 359.322105 268.687660 187.279729 114.651779 50.332299 5.950936 55.221588 97.489102 133.377978 163.373662 187.949593 207.566742 222.671583 233.694234 241.046897 245.122630 246.294423 244.914548 241.314154 235.803084 228.669887 220.182000 210.586074 200.108434 188.955627 177.315099 165.355910 153.229519 141.070623 128.998021 117.115506 105.512773 94.266320 83.440362 73.087716 63.250681 53.961880 45.245068 37.115869 29.582401 22.645631 16.298940 10.524400 5.264519 1.000000 2.868072 6.613861 9.717644 12.328405 14.490596 16.237790 17.601184 18.611197 19.297790 19.690453 19.818076 
5613.420839 5370.264414 5110.084474 4837.551876 4556.807242 4271.498634 3984.818191 3699.537381 3418.040791 3142.358624 2874.197506 2614.969787 2365.821225 2127.657201 1901.167214 1686.847907 1485.024549 1295.871012 1119.428459 955.622297 804.278134 665.136299 537.865131 422.073110 317.319865 223.126051 138.981964 64.352742 1.000000 58.483593 107.848603 149.895480 185.174767 214.223506 237.564673 255.704920 269.132500 278.315538 283.700678 285.712046 284.750533 281.193341 275.393775 267.681251 258.361491 247.716876 236.006959 223.469045 210.318964 196.751833 182.942937 169.048649 155.207382 141.540585 128.153739 115.137366 102.568034 90.509353 79.012953 68.119435 57.859288 48.253756 39.315638 31.049943 23.454240 16.518015 10.217469 4.467064 1.000000 4.503213 8.448090 11.781689 14.586918 16.905146 18.771747 20.220637 21.285167 21.998219 22.392141 22.498569 
6221.137102 5913.092267 5592.487551 5263.853500 4931.177058 4597.942255 4267.169543 3941.453308 3622.997737 3313.651075 3014.937955 2728.090059 2454.074934 2193.623097 1947.253433 1715.296763 1497.918128 1295.136831 1106.845614 932.827966 772.774110 626.295651 492.938897 372.196970 263.520705 166.328222 80.011754 3.704493 62.427747 119.852829 168.899526 210.191615 244.337712 271.930537 293.544388 309.732836 321.026827 327.933175 330.933426 330.483060 327.010993 320.919344 312.583439 302.352024 290.547664 277.467258 263.382770 248.541988 233.169413 217.467224 201.616272 185.777176 170.091386 154.682304 139.656397 125.104314 111.101998 97.711768 84.983389 72.955100 61.654606 51.100010 41.300663 32.257855 23.965121 16.407235 9.552265 3.244515 1.000000 6.480696 10.682502 14.254162 17.255480 19.727735 21.708936 23.236184 24.346107 25.074824 25.457799 25.529643 
6826.405745 6450.284531 6066.527558 5679.481222 5292.938354 4910.181689 4534.025420 4166.855102 3810.665253 3467.095266 3137.463093 2822.797115 2523.865959 2241.206367 1975.149287 1725.844273 1493.281555 1277.313049 1077.671454 893.987762 725.807320 572.604511 433.796002 308.752739 196.810567 97.278353 9.363133 67.339245 133.891480 190.870774 238.983206 278.917871 311.345859 336.917429 356.259469 369.973404 378.633539 382.785819 382.946945 379.603829 373.213338 364.202304 352.967755 339.877356 325.269981 309.456514 292.720690 275.320090 257.487157 239.430382 221.335433 203.366375 185.666898 168.361556 151.557005 135.343233 119.794773 104.971886 90.921718 77.679413 65.269176 53.705273 42.992930 33.129045 24.102399 15.892008 8.453534 1.000000 3.603476 8.899337 13.382607 17.196384 20.392451 23.013928 25.102162 26.697890 27.841372 28.572261 28.929408 28.950667 
7422.834216 6975.785199 6526.475784 6079.024044 5636.987860 5203.410830 4780.866306 4371.499004 3977.064483 3598.966288 3238.291083 2895.841372 2572.166160 2267.589904 1982.238538 1716.064538 1468.869570 1240.325434 1029.993369 837.341617 661.761470 502.581877 359.082516 230.505551 116.065016 14.908364 73.580831 150.440255 216.383017 272.207629 318.693589 356.599950 386.662188 409.589388 426.061966 436.729849 442.211117 443.091044 439.921503 433.220690 423.473138 411.129992 396.609439 380.297455 362.548601 343.686938 324.007204 303.775917 283.232636 262.591260 242.041361 221.749545 201.860828 182.500010 163.773036 145.768345 128.558187 112.199914 96.737221 82.201348 68.612218 55.979497 44.303547 33.576131 23.780450 14.888284 6.832638 1.000000 6.267612 11.843755 16.619774 20.675651 24.061792 26.824486 29.009031 30.660235 31.822349 32.538875 32.852343 32.804098 
8003.590447 7483.139123 6966.241971 6456.744144 5957.927441 5472.558528 5002.935049 4550.928949 4118.027501 3705.371618 3313.792003 2943.843246 2595.834373 2269.858666 1965.820418 1683.459982 1422.376688 1182.049913 961.858344 761.097598 578.996051 414.729356 267.433178 136.213873 20.125281 81.607693 170.076099 246.118702 310.637737 364.514153 408.605649 443.743182 470.727903 490.328656 503.280001 510.280731 511.992836 509.040858 502.011604 491.454182 477.880239 461.764595 443.545944 423.627707 402.379233 380.136910 357.205475 333.859398 310.344317 286.878512 263.654419 240.840149 218.581013 197.001029 176.204427 156.277104 137.288069 119.290818 102.324687 86.416126 71.579918 57.820306 45.131977 33.500740 22.903223 13.301529 4.569574 2.445186 9.485441 15.399676 20.471785 24.765529 28.333317 31.225580 33.492133 35.182276 36.344619 37.026839 37.275437 37.135518 
8561.420909 7965.510009 7379.391994 6806.594335 6250.081557 5712.305533 5195.253493 4700.492781 4229.213218 3782.266480 3360.203564 2963.308367 2591.630166 2245.013079 1923.123302 1625.474285 1351.449721 1100.324663 871.284597 663.443021 475.857042 307.541472 157.480661 24.613087 91.984558 193.494632 280.886560 355.178907 417.366356 468.417096 509.268972 540.826137 563.956322 579.488694 588.212254 590.874715 588.181817 580.797023 569.341587 554.394812 536.494809 516.139125 493.785976 469.855308 444.730158 418.758087 392.252707 365.495269 338.736305 312.197297 286.072360 260.529934 235.714459 211.748038 188.732062 166.748801 145.862953 126.123134 107.563318 90.204204 74.054509 59.112154 45.365269 32.792791 21.363491 11.024727 1.000000 6.113689 13.389304 19.658010 25.023286 29.546141 33.282926 36.289001 38.619215 40.327791 41.468070 42.092238 42.251074 41.993717 
9088.671829 8415.701387 7759.168495 7122.238311 6507.516978 5917.103919 5352.641418 4815.360516 4306.125294 3825.471929 3373.647187 2950.643277 2556.230001 2189.984674 1851.319481 1539.506645 1253.701477 992.963255 756.274207 542.556706 350.688558 179.516145 27.842998 105.405240 221.529977 321.641627 406.889130 478.394540 537.249691 584.511957 621.200588 648.293777 666.726345 677.387989 681.122098 678.725027 670.945812 658.486141 642.000942 622.098807 599.343193 574.253399 547.305929 518.935973 489.538986 459.472390 429.057332 398.580494 368.295954 338.427047 309.168235 280.686972 253.125540 226.602857 201.216246 177.043146 154.142783 132.557769 112.315634 93.430283 75.903361 59.725493 44.877298 31.329775 19.041941 7.931475 1.000000 10.415662 18.091869 24.716498 30.366175 35.104432 38.992833 42.092339 44.463339 46.165408 47.256999 47.795155 47.835243 47.430720 
9577.313830 8826.180609 8098.514469 7397.073711 6724.065307 6081.198634 5469.737592 4890.545896 4344.132668 3830.693271 3350.147280 2902.173957 2486.244677 2101.652793 1747.541193 1422.927233 1126.725616 857.769049 614.826898 396.621946 201.844745 29.143635 122.714925 255.177266 369.507857 467.001653 548.923200 616.502546 670.930564 713.355018 744.877357 766.550228 779.375622 784.303593 782.231497 774.003725 760.411736 742.194496 720.039452 694.583392 666.413776 636.070214 604.046097 570.790374 536.709412 502.168963 467.496167 432.981607 398.881379 365.419158 332.788266 301.153711 270.654185 241.404032 213.495151 186.998844 161.967603 138.436812 116.426385 95.942307 76.978069 59.515955 43.528006 28.975998 15.805652 3.815599 6.257008 15.608306 23.707816 30.680611 36.599935 41.534413 45.551758 48.719146 51.103007 52.768701 53.780186 54.199713 54.087560 53.501794 
10018.969893 9189.106307 8390.099879 7624.257941 6893.347724 6198.653044 5541.024275 4920.927801 4338.490617 3793.541975 3285.651591 2814.165452 2378.238142 1976.862781 1608.898280 1273.094105 968.112857 692.550515 444.954619 223.840012 27.677223 144.935453 295.618118 425.803682 536.950483 630.482326 707.783582 770.194087 819.004909 855.454885 880.727950 895.951162 902.193348 900.464354 891.714687 876.835597 856.659911 831.962657 803.462323 771.822291 737.652468 701.511119 663.906819 625.300548 586.107841 546.701028 507.411505 468.532014 430.318961 392.994679 356.749702 321.744976 288.114038 255.965136 225.383272 196.432186 169.156262 143.582344 119.721467 97.570486 77.113575 58.323538 41.162654 25.581696 11.503614 1.000000 12.014377 21.838730 30.358696 37.664106 43.831923 48.937371 53.055095 56.259071 58.622265 60.216266 61.110938 61.374105 61.071279 60.265435 
10404.946796 9496.358823 8626.350777 7796.736510 7008.804025 6263.373959 5560.851646 4901.276181 4284.365515 3709.558498 3176.053366 2682.843144 2228.748183 1812.445738 1432.496929 1087.371144 775.468118 495.137627 244.696668 22.409833 173.293983 344.249398 492.070758 618.399038 724.835831 812.937637 884.210352 940.104677 982.012390 1011.263569 1029.124412 1036.795950 1035.412906 1026.043824 1009.691164 987.291872 959.718424 927.780164 892.224910 853.740781 812.958230 770.452222 726.744549 682.306229 637.559977 592.882724 548.608152 505.029240 462.400796 420.941955 380.838642 342.245979 305.290635 270.073100 236.669884 205.135627 175.505130 147.795278 122.006873 98.126343 76.127297 55.971827 37.611044 20.981672 5.934413 7.067760 18.926656 29.249600 38.174655 45.789434 52.177602 57.422047 61.605049 64.807952 67.110765 68.591758 69.327107 69.390577 68.853255 67.783322 
10726.269329 9739.573411 8799.483634 7907.275964 7063.721170 6269.142095 5523.466985 4826.278781 4176.860590 3574.237572 3017.215509 2504.415916 2034.308351 1605.239530 1215.459863 863.147296 546.428772 263.398760 12.062270 209.255360 402.715633 570.106271 713.272217 834.013314 934.077862 1015.156637 1078.877970 1126.803793 1160.426601 1181.167360 1190.373605 1189.319125 1179.203613 1161.152809 1136.219363 1105.383970 1069.556880 1029.579693 986.227424 940.210743 892.178415 842.719858 792.367814 741.601089 690.847333 640.485855 590.850446 542.232171 494.882152 449.014275 404.807874 362.410323 321.939562 283.486531 247.117519 212.876412 180.786839 150.854216 123.067660 97.401788 73.818305 52.267222 32.686650 14.991431 1.000000 14.760335 27.180049 37.990384 47.295259 55.188038 61.760735 67.104773 71.310726 74.467883 76.663802 77.983893 78.511063 78.325394 77.503885 76.120229 
10973.720813 9910.179096 8901.538328 7948.495896 7051.267189 6209.643350 5423.044581 4690.570370 4011.043950 3383.054837 2804.996192 2275.100671 1791.471500 1352.111248 954.947689 597.856921 278.683548 4.510651 254.558564 472.945395 661.999168 823.792314 960.345543 1073.620632 1165.513983 1237.851383 1292.383785 1330.784231 1354.644935 1365.476749 1364.707455 1353.682156 1333.663408 1305.832196 1271.289243 1231.056721 1186.080272 1137.231314 1085.309536 1031.045618 975.104073 918.086207 860.533152 802.928961 745.703716 689.236647 633.859235 579.858275 527.478898 476.927519 428.374719 381.958035 337.784668 295.934075 256.460472 219.395214 184.749066 152.514351 122.666966 95.168235 69.966515 46.998161 26.185263 7.378306 9.084790 23.951546 36.949050 48.220170 57.869954 66.000571 72.713525 78.109557 82.288189 85.347226 87.382293 88.486409 88.749632 88.258746 87.097003 85.343915 
11137.880983 9999.435590 8924.418046 7912.907163 6964.526565 6078.502906 5253.719244 4488.764619 3781.979151 3131.495372 2535.276259 1991.148435 1496.834715 1049.981006 648.181549 289.000680 29.965360 311.257704 557.192138 770.170645 952.519114 1106.504012 1234.324463 1338.105355 1419.891743 1481.644500 1525.236314 1552.450329 1564.977606 1564.416958 1552.274568 1529.964562 1498.810106 1460.044892 1414.815081 1364.181582 1309.122617 1250.536539 1189.244823 1125.995243 1061.465150 996.264840 930.940965 865.980010 801.811707 738.812492 677.308885 617.580832 559.864975 504.357832 451.218894 400.573613 352.516284 307.112810 264.403349 224.404830 187.113349 152.506418 120.545070 91.175764 64.331927 39.934245 17.880909 1.000000 19.336624 34.865026 48.415467 60.108712 70.058359 78.377040 85.176696 90.568128 94.660456 97.560584 99.372725 100.197983 100.133995 99.274629 97.709738 95.524962 
11209.173613 9998.478683 8859.931022 7792.952044 6796.538840 5869.322247 5009.620193 4215.486562 3484.756070 2815.085250 2203.988277 1648.872131 1147.065691 695.846899 292.466131 65.808266 381.767973 658.079853 897.419393 1102.394531 1275.544895 1419.333229 1536.138016 1628.247728 1697.855198 1747.055460 1777.842365 1792.106958 1791.637165 1778.117531 1753.129933 1718.154844 1674.573095 1623.668037 1566.628123 1504.549774 1438.440516 1369.222343 1297.735207 1224.740680 1150.925675 1076.906247 1003.231399 930.386908 858.799116 788.838682 720.824278 655.026197 591.669878 530.939329 472.980432 417.904135 365.789512 316.686697 270.619673 227.588931 187.573980 150.535697 116.418515 85.152340 56.653862 30.824791 7.486824 13.070452 31.526696 47.710900 61.772054 73.836917 84.030435 92.476889 99.299516 104.619914 108.557451 111.228715 112.747041 113.222095 112.759525 111.460670 109.422328 106.736570 
11177.913727 9898.365662 8699.833934 7581.045643 6540.338205 5575.717084 4684.908659 3865.408461 3114.525282 2429.421364 1807.147126 1244.675622 738.930327 286.810404 114.767880 468.917082 778.654093 1046.972022 1276.792296 1470.957886 1632.224314 1763.250599 1866.594791 1944.707743 1999.929890 2034.488135 2050.494998 2049.947470 2034.727298 2006.601789 1967.225307 1918.141274 1860.784675 1796.484906 1726.469023 1651.865232 1573.706619 1492.935072 1410.405291 1326.888956 1243.078907 1159.593372 1076.980194 995.721026 916.235478 838.885199 763.977870 691.771098 622.476199 556.261855 493.257643 433.557420 377.222569 324.285092 274.750556 228.600879 185.796952 146.281096 109.979297 76.803070 46.650072 19.393548 4.771282 26.693347 45.912407 62.708264 77.223610 89.597080 99.966563 108.469001 115.239760 120.411966 124.115887 126.478393 127.622474 127.666841 126.725585 124.907902 122.317877 119.054316 
11034.359119 9690.124595 8435.879431 7269.621378 6188.996990 5191.358687 4273.816815 3433.287016 2666.533778 1970.207549 1340.882108 775.084146 269.320417 179.881062 576.002680 922.438766 1222.539105 1479.573189 1696.720780 1877.060544 2023.563887 2139.086849 2226.365372 2288.010995 2326.508924 2344.216018 2343.360290 2326.041311 2294.231126 2249.776078 2194.399095 2129.702505 2057.171307 1978.176745 1893.980239 1805.737536 1714.503049 1621.234342 1526.796715 1431.967854 1337.442502 1243.837132 1151.694585 1061.488656 973.628600 888.463545 806.286794 727.340006 651.817235 579.868827 511.605169 447.100275 386.395209 329.501345 276.403456 227.062629 181.419005 139.394312 100.894125 65.809476 34.015029 5.244145 20.090492 42.799679 62.744201 80.088778 94.987397 107.592964 118.057526 126.531633 133.163597 138.098805 141.479092 143.442201 144.121319 143.644684 142.135260 139.710485 136.482067 132.555843 
10768.766249 9364.807589 8059.866685 6851.179153 5735.671585 4710.017688 3770.689779 2914.003212 2136.160855 1433.288840 801.470460 236.774400 264.701335 706.856398 1093.499366 1428.377454 1715.146548 1957.357992 2158.450492 2321.739642 2450.411320 2547.516436 2615.966358 2658.531210 2677.837648 2676.368650 2656.464040 2620.321719 2569.999745 2507.418976 2434.366262 2352.498137 2263.344813 2168.314580 2068.698418 1965.674833 1860.314819 1753.586947 1646.362508 1539.420685 1433.453715 1329.072015 1226.809250 1127.127305 1030.421161 937.023647 847.210052 761.202584 679.174681 601.255146 527.532112 458.056826 392.847251 331.891493 275.151025 222.563732 174.046756 129.499082 88.803740 51.828564 18.410912 11.394166 38.123454 61.683201 82.284085 100.097606 115.293270 128.039777 138.504417 146.852265 153.245402 157.842210 160.796757 162.258261 162.370641 161.272144 159.095035 155.965370 152.002812 147.320515 
10371.442168 8913.540952 7563.689896 6318.331994 5173.647141 4125.607537 3170.025207 2302.600110 1518.958189 814.687819 185.369021 373.376071 865.915061 1296.513287 1669.359754 1988.536538 2258.008958 2481.612218 2663.042726 2805.850896 2913.434881 2989.037291 3035.742604 3056.474869 3053.998135 3030.916983 2989.678185 2932.572994 2861.740303 2779.170171 2686.708005 2586.059079 2478.793406 2366.350888 2250.046675 2131.076689 2010.523252 1889.360780 1768.461497 1648.601151 1530.464666 1414.651740 1301.682336 1192.002063 1085.987416 983.950871 886.145801 792.771239 703.976437 619.865245 540.500293 465.906971 396.077213 330.973069 270.530082 214.660448 163.255939 116.190524 73.322238 34.490401 1.000000 31.602333 59.302851 83.640761 104.808401 122.993671 138.383632 151.164032 161.518439 169.627368 175.667485 179.810913 182.224615 183.069885 182.501909 180.669417 177.714399 173.771896 168.969846 163.428997 
9832.813370 8327.589952 6939.399042 5663.863194 4496.392020 3432.232941 2466.523100 1594.329885 810.689977 110.637285 510.727422 1058.299560 1536.847833 1951.048632 2305.458875 2604.499547 2852.444430 3053.410408 3211.349985 3330.044755 3413.102384 3463.953235 3485.849291 3481.864093 3454.893745 3407.658868 3342.707380 3262.417996 3169.004341 3064.519460 2950.861435 2829.777998 2702.872832 2571.611380 2437.326968 2301.227040 2164.399458 2027.818824 1892.352784 1758.768276 1627.737710 1499.845018 1375.591604 1255.402105 1139.630020 1028.563138 922.428775 821.398816 725.594544 635.091249 549.922630 470.084967 395.541076 326.224039 262.040708 202.874977 148.590771 99.034557 54.035994 13.373674 22.917874 55.352600 83.967767 108.983583 130.608431 149.049624 164.513259 177.203303 187.320618 195.062070 200.619735 204.180212 205.924029 206.025148 204.650553 201.959924 198.105386 193.231320 187.474252 180.962783 
9143.483505 7598.414269 6179.253930 4880.778158 3697.604254 2624.239705 1655.129019 784.694707 7.238672 682.342351 1289.903493 1820.644533 2279.784405 2672.402496 3003.423667 3277.605757 3499.529647 3673.590472 3803.992953 3894.746374 3949.662257 3972.353246 3966.233349 3934.519256 3880.232701 3806.203704 3715.074577 3609.304590 3491.175192 3362.795703 3226.109388 3082.899837 2934.797573 2783.286865 2629.712600 2475.287222 2321.097924 2168.113269 2017.190336 1869.081459 1724.440913 1583.831458 1447.730710 1316.537325 1190.576996 1070.108218 955.327848 846.376427 743.343265 646.271295 555.161674 469.978156 390.651208 317.081888 249.145479 186.694846 129.563424 77.567260 30.498917 11.695033 49.551197 83.049865 112.468641 138.038939 159.990420 178.551620 193.948999 206.405871 216.141406 223.369733 228.299160 231.131498 232.061500 231.276381 228.955444 225.269776 220.382033 214.446281 207.607922 200.003656 
8294.300710 6717.732691 5275.781880 3962.358868 2771.269316 1696.264040 731.082654 130.497170 894.668425 1567.487149 2154.917263 2662.776071 3096.720558 3462.231554 3764.600870 4008.919727 4200.072084 4342.727518 4441.337381 4500.132351 4523.121584 4514.093225 4476.616162 4414.042845 4329.513056 4225.958491 4106.108046 3972.493693 3827.456854 3673.155008 3511.569481 3344.511730 3173.631594 3000.424753 2826.240430 2652.289110 2479.650219 2309.279749 2142.017748 1978.595700 1819.643730 1665.697625 1517.205650 1374.535144 1237.978878 1107.761179 984.043788 866.931470 756.477357 652.688026 555.528317 464.925875 380.775444 302.942875 231.268878 165.572422 105.653559 51.293273 1.719734 41.583803 80.645613 115.089299 145.172759 171.150345 193.275324 211.798960 226.969340 239.030251 248.220179 254.771422 258.909335 260.851677 260.808071 258.979566 255.558285 250.727165 244.659770 237.520180 229.462940 220.633075 
7276.427036 5677.584808 4221.843358 2902.226375 1711.713158 643.283966 310.026865 1155.126983 1898.788639 2547.655122 3108.204394 3586.730596 3989.327373 4321.874463 4590.025591 4799.201754 4954.583973 5061.109463 5123.469408 5146.108395 5133.225321 5088.775601 5016.474543 4919.801703 4802.006138 4666.112080 4514.926745 4351.045642 4176.861371 3994.571204 3806.185243 3613.534752 3418.280620 3221.921873 3025.804197 2831.128417 2638.958890 2450.231777 2265.763167 2086.257007 1912.312845 1744.433319 1583.031425 1428.437522 1280.906061 1140.622044 1007.707194 882.225844 764.190527 653.567289 550.280690 454.218546 365.236358 283.161463 207.796855 138.924568 76.307640 19.669151 31.098117 76.485276 116.650038 151.882696 182.464937 208.677291 230.798367 249.103571 263.863857 275.344601 283.804607 289.495250 292.659737 293.532490 292.338645 289.293639 284.602908 278.461656 271.054718 262.556484 253.130896 242.931499 
6081.405402 4470.402797 3010.692977 1694.397113 513.657663 539.316654 1472.231007 2292.639456 3007.938521 3625.334804 4151.824583 4594.176634 4958.916613 5252.317825 5480.391244 5648.879685 5763.253853 5828.710355 5850.171505 5832.286675 5779.435067 5695.729694 5585.022020 5450.909616 5296.740362 5125.621610 4940.427726 4743.808516 4538.198008 4325.823495 4108.714794 3888.713566 3667.482748 3446.515950 3227.146810 3010.558244 2797.791559 2589.755394 2387.234461 2190.898047 2001.308270 1818.928072 1644.128922 1477.198216 1318.346385 1167.713688 1025.376682 891.354389 765.614125 648.077034 538.623288 437.096990 343.310752 257.049947 178.076579 106.132309 40.935065 17.693696 70.268660 116.932595 158.025894 193.860594 224.747289 250.994729 272.908442 290.789351 304.932510 315.625990 323.149913 327.775618 329.764958 329.369726 326.831183 322.379697 316.234479 308.603401 299.682899 289.657950 278.702112 266.977623 
4701.237031 3089.075428 1636.043566 333.347845 827.708886 1855.718497 2759.094929 3546.065953 4224.640979 4802.589566 5287.421665 5686.375146 6006.402621 6254.163168 6436.016215 6558.017627 6625.918198 6645.163801 6620.897443 6557.962452 6460.907307 6333.991440 6181.192041 6006.211697 5812.486741 5603.196171 5381.271040 5149.404224 4910.060452 4665.486534 4417.721705 4168.608011 3919.800693 3672.778482 3428.853820 3189.182858 2954.775321 2726.504111 2505.114669 2291.234047 2085.379697 1887.967935 1699.322086 1519.680293 1349.202985 1187.979992 1036.037323 893.343586 759.816072 635.326483 519.706326 412.751967 314.229346 223.878301 141.416310 66.539603 1.000000 61.662840 115.694479 163.442969 205.254292 241.472190 272.438633 298.492358 319.967333 337.191356 350.484803 360.159539 366.517984 369.852315 370.443810 368.562311 364.465799 358.400087 350.598599 341.282241 330.659357 318.925753 306.264782 292.847534 
3128.455460 1527.027690 92.130762 1185.914335 2316.699152 3309.578033 4173.694790 4917.942261 5550.940092 6081.013841 6516.182429 6864.144350 7132.269810 7327.594066 7456.814338 7526.288468 7542.035653 7509.739153 7434.750167 7322.093515 7176.474303 7002.285671 6803.617411 6584.265337 6347.741251 6097.283410 5835.867366 5566.217092 5290.816300 5011.919872 4731.565328 4451.584273 4173.613747 3899.107462 3629.346832 3365.451802 3108.391430 2858.994145 2617.957747 2385.859050 2163.163185 1950.232546 1747.335374 1554.653952 1372.292436 1200.284290 1038.599359 887.150537 745.800083 614.365550 492.625351 380.323964 277.176737 182.874209 97.085055 19.430294 50.299635 112.667501 167.957235 216.553425 258.836381 295.184681 325.973659 351.573719 372.348768 388.654823 400.838787 409.237402 414.176347 415.969493 414.918289 411.311279 405.423735 397.517393 387.840295 376.626718 364.097168 350.458515 335.904067 320.613826 
1356.203334 221.713071 1626.178366 2867.814600 3957.035450 4903.992664 5718.551113 6410.262825 6988.350084 7461.688390 7838.794229 8127.816778 8336.531773 8472.338509 8542.259290 8552.940422 8510.655848 8421.311988 8290.454189 8123.274432 7924.620125 7699.003828 7450.613755 7183.324903 6900.710697 6606.055065 6302.364706 5992.381647 5678.595868 5363.257947 5048.391678 4735.806582 4427.110256 4123.720523 3826.877331 3537.654367 3256.970357 2985.600026 2724.184691 2473.242489 2233.178183 2004.292587 1786.791579 1580.794677 1386.343224 1203.408139 1031.897255 871.662251 722.505174 584.184559 456.421160 338.903269 231.291574 133.223142 44.307695 35.772015 107.556336 171.374002 227.655785 276.822364 319.292648 355.482301 385.801881 410.655108 430.437303 445.534029 456.319905 463.157605 466.397005 466.374493 463.412408 457.818620 449.886214 439.893301 428.102892 414.762961 400.106412 384.351297 367.701007 350.344542 
621.690193 2162.461610 3523.415248 4716.110247 5751.806451 6641.435738 7395.574811 8024.428443 8537.811121 8945.135409 9255.403442 9477.201306 9618.696264 9687.636799 9691.354718 9636.769311 9530.393283 9378.340238 9186.333509 8959.716124 8703.461770 8422.186541 8120.161381 7801.325027 7469.297381 7127.393154 6778.635716 6425.771031 6071.281606 5717.400421 5366.124648 5019.229274 4678.280449 4344.648554 4019.520967 3703.914465 3398.687255 3104.550605 2822.080052 2551.726179 2293.824949 2048.607590 1816.210009 1596.681768 1389.994596 1196.050440 1014.689076 845.695268 688.805504 543.714285 410.079998 287.530317 175.666934 74.067111 17.620205 100.037168 173.480015 238.449718 295.411564 344.828899 387.161810 422.865104 452.386376 476.164279 494.627006 508.190965 517.259657 522.222710 523.455102 521.316525 516.150891 508.285974 498.033145 485.687327 471.526837 455.813531 438.792917 420.694377 401.731438 382.102111 
2810.638309 4299.753749 5603.330447 6733.845748 7703.400341 8523.696509 9206.014661 9761.197742 10199.638778 10531.273197 10765.572681 10911.543757 10977.728237 10972.206270 10902.601495 10776.088082 10599.399397 10378.838091 10120.287397 9829.223445 9510.728435 9169.504492 8809.888070 8435.864774 8051.084472 7658.876587 7262.265485 6863.985856 6466.498015 6072.003050 5682.457771 5299.589365 4924.909789 4559.729733 4205.172262 3862.186003 3531.557909 3213.925543 2909.788902 2619.521742 2343.382410 2081.524181 1834.005095 1600.797280 1381.795791 1176.826961 985.656252 807.995648 643.510571 491.826329 352.534098 225.196304 109.350312 4.301836 89.756394 174.043049 248.814487 314.585406 371.868100 421.171590 462.999419 497.847522 526.202306 548.538953 565.319952 576.993834 583.994096 586.738316 585.627437 581.045170 573.357691 562.913185 550.041786 535.055504 518.248260 499.896020 480.257020 459.572037 438.064754 415.942158 
5215.196787 6637.315932 7868.880995 8923.278099 9813.439813 10551.824584 11150.400576 11620.633115 11973.476795 12219.371139 12368.238762 12429.487204 12412.012905 12324.207508 12173.966154 11968.697488 11715.335176 11420.350651 11089.766974 10729.173554 10343.741592 9938.240082 9517.052243 9084.192227 8643.322024 8197.768415 7750.539933 7304.343694 6861.602059 6424.469054 5994.846480 5574.399673 5164.572873 4766.604149 4381.539893 4010.248762 3653.435181 3311.652283 2985.314320 2674.708533 2380.006480 2101.274803 1838.485457 1591.525393 1360.205707 1144.270255 943.403751 757.239361 585.365789 427.333858 282.662531 150.843808 31.330047 76.329403 172.811695 258.620888 334.326684 400.495289 457.689607 506.466853 547.376204 580.956670 607.735211 628.225102 642.924518 652.315335 656.862133 657.011349 653.190771 645.808846 635.254481 621.896807 606.085091 588.148764 568.397546 547.121665 524.592147 501.061191 476.762591 451.912219 
7839.000699 9177.965762 10322.143458 11285.813419 12082.722764 12726.069097 13228.489022 13602.050348 13858.248156 14008.004569 14061.670900 14029.033171 13919.319647 13741.210561 13502.849636 13211.857168 12875.344446 12499.929285 12091.752482 11656.495007 11199.395775 10725.269837 10238.526848 9743.189781 9242.913529 8741.003629 8240.434776 7743.869124 7253.674325 6771.941209 6300.501072 5840.942533 5394.627895 4962.709001 4546.142553 4145.704860 3762.006046 3395.503596 3046.515393 2715.232094 2401.728935 2105.976921 1827.853442 1567.152273 1323.593034 1096.830050 886.460682 692.033089 513.053470 348.992727 199.292259 63.363816 59.339238 169.515396 267.732171 354.621281 430.808322 496.915513 553.559159 601.347058 640.876144 672.730409 697.479072 715.675017 727.853444 734.530714 736.203607 733.348326 726.420121 715.852851 702.058736 685.428242 666.330085 645.111355 622.097726 597.593763 571.883305 545.229914 517.877397 490.050364 
10684.672557 11923.542875 12964.246356 13821.937670 14511.157272 15045.819836 15439.207526 15703.966454 15852.107549 15895.010258 15843.429140 15707.502992 15496.766165 15220.161780 14886.056593 14502.257247 14076.027682 13614.107505 13122.731117 12607.647424 12074.139979 11527.047405 10970.783965 10409.360166 9846.403293 9285.177760 8728.605281 8179.284569 7639.510803 7111.294565 6596.380305 6096.264271 5612.211874 5145.274458 4696.305446 4265.975869 3854.789231 3463.095730 3091.105839 2738.903183 2406.456816 2093.632808 1800.205222 1525.866441 1270.236884 1032.874118 813.281372 610.915483 425.194225 255.502896 101.198038 38.333793 163.864770 276.005300 375.460306 462.920793 539.074269 604.602075 660.176532 706.458339 744.094270 773.715152 795.934123 811.345078 820.521641 824.015809 822.357348 816.053104 805.586550 791.417487 773.981898 753.691932 730.936008 706.079039 679.462730 651.405997 622.205433 592.135856 561.450911 530.383728 
13753.746265 14874.830129 15795.296174 16531.149504 17097.698864 17509.549275 17780.600679 17924.049570 17952.394168 17877.442595 17710.323686 17461.500141 17140.783620 16757.351599 16319.765663 15835.990998 15313.416876 14758.877912 14178.675925 13578.602209 12963.960092 12339.587609 11709.880190 11078.813252 10449.964551 9826.536293 9211.376827 8607.001908 8015.615519 7439.130016 6879.185814 6337.170375 5814.236560 5311.320298 4829.157549 4368.300590 3929.133547 3511.887233 3116.653261 2743.397438 2391.972456 2062.129880 1753.531450 1465.759708 1198.327969 950.689644 722.246936 512.358892 320.348761 145.509581 12.794442 155.552282 283.292640 396.842682 496.965462 584.420335 659.960198 724.328370 778.255718 822.458109 857.634179 884.463332 903.604338 915.693546 921.344005 921.144460 915.658645 905.424751 890.955084 872.735876 851.227248 826.863302 800.052329 771.177146 740.595507 708.640608 675.621663 641.824552 607.512521 572.926927 
17046.582250 18031.477104 18814.305610 19411.894312 19840.289043 20114.754137 20249.775677 20259.068270 20155.585029 19951.530316 19658.374905 19286.873240 18847.082484 18348.383076 17799.500530 17208.528257 16582.951177 15929.669928 15255.025495 14564.824093 13864.362158 13158.451310 12451.443177 11747.253965 11049.388686 10360.964966 9684.736347 9023.115040 8378.194065 7751.768705 7145.357361 6560.221532 5997.385185 5457.653289 4941.629603 4449.733661 3982.216977 3539.178469 3120.579091 2726.255701 2355.934163 2009.241707 1685.718526 1384.828687 1105.970329 848.485175 611.667358 394.771548 197.019790 17.563010 144.253321 289.444115 418.778286 533.098279 633.242488 720.042526 794.319805 856.882374 908.522114 950.012181 982.105193 1005.530900 1020.994966 1029.177597 1030.732502 1026.286094 1016.436876 1001.755049 982.782281 960.031626 933.987629 905.106529 873.816582 840.518509 805.586026 769.366458 732.181429 694.327611 656.077525 617.680391 
20562.287424 21391.925105 22019.124157 22461.497599 22735.793285 22857.898652 22842.849701 22704.842782 22457.249568 22112.634513 21682.774480 21178.680254 20610.619602 19988.141635 19320.102196 18614.690067 17879.453767 17121.328725 16346.664844 15561.253833 14770.356789 13978.731428 13190.659055 12409.971135 11640.075376 10883.981254 10144.324908 9423.393368 8723.148037 8045.247419 7391.069047 6761.730575 6158.110091 5580.865468 5030.452964 4507.144903 4011.046522 3542.111934 3100.159292 2684.885076 2295.877595 1932.629664 1594.550513 1280.976936 991.183680 724.393109 479.784139 256.500089 53.645931 129.627755 294.309921 441.291703 571.503079 685.869375 785.308770 870.728549 943.021631 1003.063386 1051.709280 1089.791954 1118.119555 1137.473931 1148.609196 1152.250575 1149.093489 1139.802877 1125.012740 1105.325831 1081.313610 1053.516274 1022.442979 988.572177 952.352082 914.201224 874.509108 833.636950 791.918474 749.660786 707.145276 664.628576 
24298.634159 24953.331430 25406.367109 25676.100524 25779.940931 25734.358330 25554.897773 25256.196728 24852.005117 24355.207563 23777.847658 23131.153800 22425.566365 21670.765945 20875.702393 20048.624471 19197.109876 18328.095478 17447.907610 16562.292232 15676.444854 14795.040195 13922.261177 13061.827576 12217.023940 11390.726825 10585.431276 9803.276496 9046.070680 8315.314966 7612.226466 6937.760414 6292.631343 5677.333332 5092.159357 4537.219590 4012.458906 3517.673370 3052.525856 2616.560762 2209.217864 1829.845302 1477.711753 1152.017769 851.906376 576.472813 324.773359 95.829420 111.322013 297.743878 464.426675 612.397031 742.675865 856.276522 954.200683 1037.434451 1106.945386 1163.678841 1208.555798 1242.470515 1266.288621 1280.845520 1286.945111 1285.358758 1276.824540 1262.046674 1241.695248 1216.406060 1186.780668 1153.386598 1116.757702 1077.394633 1035.765439 992.306266 947.422135 901.487807 854.848712 807.821930 760.697221 713.738088 
28251.981151 28711.495840 28971.347396 29050.595909 28967.266383 28738.365685 28379.902651 27906.910961 27333.474395 26672.754078 25937.017412 25137.668354 24285.278781 23389.620667 22459.698840 21503.784110 20529.446575 19543.588912 18552.479531 17561.785410 16576.604533 15601.497775 14640.520151 13697.251470 12774.825967 11875.961340 11002.986759 10157.869994 9342.243535 8557.429762 7804.465072 7084.123001 6396.936312 5743.218055 5123.081582 4536.459616 3983.122200 3462.693755 2974.669124 2518.428671 2093.252455 1698.333500 1332.790175 995.677749 685.999062 402.714276 144.747859 88.971697 299.607515 488.251357 656.036954 804.090314 933.529372 1045.459414 1140.969430 1221.127572 1286.978400 1339.539875 1379.800887 1408.719141 1427.219408 1436.192098 1436.492080 1428.937880 1414.311031 1393.355709 1366.778566 1335.248753 1299.398142 1259.821668 1217.077840 1171.689374 1124.143931 1074.894955 1024.362603 972.934735 920.967977 868.788831 816.694823 764.955694 
